{"cluster_count": 5, "cluster_speeds": [[0.5, 0.81, 0.5, 0.81], [0.5, 0.7, 1.0, 1.5], [0.5, 1.5, 0.5, 1.5], [1.0, 1.5, 0.5, 0.7], [1.5, 1.5, 1.5, 1.5]], "clusters": [[4, 3, 3, 4, 2, 2, 2, 3, 3, 3, 0, 0, 0, 0, 4, 4, 4, 4, 4, 4, 0], [1, 4, 3, 4, 1, 1, 1, 4, 4, 4, 1, 2, 1, 1, 4, 4, 4, 4, 4, 3, 1], [1, 1, 4, 4, 1, 1, 1, 4, 4, 4, 1, 1, 1, 1, 4, 4, 4, 4, 4, 3, 1], [4, 4, 4, 4, 4, 4, 4, 4, 4, 4, 4, 4, 4, 4, 4, 4, 4, 4, 4, 4, 4], [2, 3, 3, 4, 4, 2, 2, 3, 3, 3, 2, 2, 2, 2, 4, 4, 4, 4, 4, 4, 2], [2, 3, 3, 4, 2, 4, 2, 3, 3, 3, 2, 2, 2, 2, 4, 4, 4, 4, 4, 4, 2], [2, 3, 3, 4, 2, 2, 4, 3, 3, 3, 2, 2, 2, 2, 4, 4, 4, 4, 4, 4, 2], [1, 4, 4, 4, 4, 4, 4, 4, 1, 1, 1, 1, 1, 1, 4, 4, 4, 4, 4, 4, 1], [1, 4, 4, 4, 4, 4, 4, 3, 4, 1, 1, 1, 1, 1, 4, 4, 4, 4, 4, 4, 1], [1, 4, 4, 4, 4, 4, 4, 3, 3, 4, 2, 1, 1, 1, 4, 4, 4, 4, 4, 4, 1], [0, 3, 3, 4, 2, 2, 2, 3, 3, 2, 4, 0, 0, 0, 4, 4, 4, 4, 4, 3, 0], [0, 3, 3, 4, 2, 2, 2, 3, 3, 2, 0, 4, 0, 0, 4, 4, 4, 4, 4, 3, 0], [0, 3, 3, 4, 2, 2, 2, 3, 3, 2, 0, 0, 4, 0, 4, 4, 4, 4, 4, 3, 0], [0, 3, 3, 4, 2, 2, 2, 3, 3, 2, 0, 0, 0, 4, 4, 4, 4, 4, 4, 3, 0], [4, 4, 4, 4, 4, 4, 4, 4, 4, 4, 4, 4, 4, 4, 4, 4, 4, 4, 4, 4, 4], [4, 4, 4, 4, 4, 4, 4, 4, 4, 4, 4, 4, 4, 4, 4, 4, 4, 4, 4, 4, 4], [4, 4, 4, 4, 4, 4, 4, 4, 4, 4, 4, 4, 4, 4, 4, 4, 4, 4, 4, 4, 4], [4, 4, 4, 4, 4, 4, 4, 4, 4, 4, 4, 4, 4, 4, 4, 4, 4, 4, 4, 4, 4], [4, 4, 4, 4, 4, 4, 4, 4, 4, 4, 4, 4, 4, 4, 4, 4, 4, 4, 4, 4, 4], [1, 1, 1, 4, 4, 4, 4, 4, 4, 1, 1, 1, 1, 1, 4, 4, 4, 4, 4, 4, 1], [0, 3, 3, 4, 2, 2, 2, 3, 3, 3, 0, 0, 0, 0, 4, 4, 4, 4, 4, 3, 4]], "dataset_name": "verbeeck_et_al_2014", "digraph": {"arc_count": 380, "arcs": [[0, 1, 1, 1, 1, 1, 1, 1, 1, 1, 1, 1, 1, 1, 1, 1, 1, 1, 1, 1, 0], [0, 0, 1, 1, 1, 1, 1, 1, 1, 1, 1, 1, 1, 1, 1, 1, 1, 1, 1, 1, 1], [0, 1, 0, 1, 1, 1, 1, 1, 1, 1, 1, 1, 1, 1, 1, 1, 1, 1, 1, 1, 1], [0, 1, 1, 0, 1, 1, 1, 1, 1, 1, 1, 1, 1, 1, 1, 1, 1, 1, 1, 1, 1], [0, 1, 1, 1, 0, 1, 1, 1, 1, 1, 1, 1, 1, 1, 1, 1, 1, 1, 1, 1, 1], [0, 1, 1, 1, 1, 0, 1, 1, 1, 1, 1, 1, 1, 1, 1, 1, 1, 1, 1, 1, 1], [0, 1, 1, 1, 1, 1, 0, 1, 1, 1, 1, 1, 1, 1, 1, 1, 1, 1, 1, 1, 1], [0, 1, 1, 1, 1, 1, 1, 0, 1, 1, 1, 1, 1, 1, 1, 1, 1, 1, 1, 1, 1], [0, 1, 1, 1, 1, 1, 1, 1, 0, 1, 1, 1, 1, 1, 1, 1, 1, 1, 1, 1, 1], [0, 1, 1, 1, 1, 1, 1, 1, 1, 0, 1, 1, 1, 1, 1, 1, 1, 1, 1, 1, 1], [0, 1, 1, 1, 1, 1, 1, 1, 1, 1, 0, 1, 1, 1, 1, 1, 1, 1, 1, 1, 1], [0, 1, 1, 1, 1, 1, 1, 1, 1, 1, 1, 0, 1, 1, 1, 1, 1, 1, 1, 1, 1], [0, 1, 1, 1, 1, 1, 1, 1, 1, 1, 1, 1, 0, 1, 1, 1, 1, 1, 1, 1, 1], [0, 1, 1, 1, 1, 1, 1, 1, 1, 1, 1, 1, 1, 0, 1, 1, 1, 1, 1, 1, 1], [0, 1, 1, 1, 1, 1, 1, 1, 1, 1, 1, 1, 1, 1, 0, 1, 1, 1, 1, 1, 1], [0, 1, 1, 1, 1, 1, 1, 1, 1, 1, 1, 1, 1, 1, 1, 0, 1, 1, 1, 1, 1], [0, 1, 1, 1, 1, 1, 1, 1, 1, 1, 1, 1, 1, 1, 1, 1, 0, 1, 1, 1, 1], [0, 1, 1, 1, 1, 1, 1, 1, 1, 1, 1, 1, 1, 1, 1, 1, 1, 0, 1, 1, 1], [0, 1, 1, 1, 1, 1, 1, 1, 1, 1, 1, 1, 1, 1, 1, 1, 1, 1, 0, 1, 1], [0, 1, 1, 1, 1, 1, 1, 1, 1, 1, 1, 1, 1, 1, 1, 1, 1, 1, 1, 0, 1], [0, 0, 0, 0, 0, 0, 0, 0, 0, 0, 0, 0, 0, 0, 0, 0, 0, 0, 0, 0, 0]], "coordinates": [[8.51, 13.135], [10.545, 21.09], [8.14, 22.755], [5.18, 26.455], [5.92, 19.055], [6.475, 18.13], [8.14, 15.54], [14.43, 20.35], [16.28, 18.13], [14.245, 15.17], [11.655, 14.615], [9.99, 15.17], [10.73, 12.58], [12.395, 10.73], [25.53, 24.235], [26.085, 26.27], [20.72, 25.16], [17.945, 30.34], [17.575, 34.78], [8.695, 31.08], [9.25, 10.36]], "vertex_count": 21}, "distances": [[0.0, 1.642233235566739, 1.9254225510261374, 2.7459883466613615, 1.2923544405464005, 1.0787261005463804, 0.4866590182047384, 1.866575741833157, 1.8474081844573498, 1.217069431051491, 0.6951668864380697, 0.5032544088232115, 0.45766472444356043, 0.9138325886069067, 4.063940944452811, 4.388206239455935, 3.4274464255477426, 3.9244426355853386, 4.693315459246268, 3.589190716582222, 0.574394463761621], [1.642233235566739, 0.0, 0.5850213671311499, 1.517451152426331, 1.0105810209973272, 1.006508817646423, 1.2097359215961145, 0.7909696580779821, 1.2907645021459184, 1.3962292075443772, 1.313890786937788, 1.1891917423191267, 1.7024021264084463, 2.104776472692528, 3.062294891090667, 3.2761196559344414, 2.191762076503743, 2.369155967850154, 3.0779018827766427, 2.031970472226405, 2.1615728070088225], [1.9254225510261374, 0.5850213671311499, 0.0, 0.9476623871400616, 0.8629808804371045, 0.9831144389133953, 1.443, 1.3468203295168955, 1.8724339774742393, 1.9473392103072331, 1.77330003101562, 1.56147014060468, 2.099892616302081, 2.551122498038853, 3.4905730188609434, 3.657202482772864, 2.5615653417393043, 2.479276104027141, 3.056925579728758, 1.6686958979993929, 2.4889204487086363], [2.7459883466613615, 1.517451152426331, 0.9476623871400616, 0.0, 1.4873815919258915, 1.6850240354368835, 2.261847253905533, 2.2166057385110234, 2.7750000000000004, 2.894998791018746, 2.6989718412758585, 2.4534655082148595, 2.9887664679596493, 3.460241899058503, 4.094146553312425, 4.181163713608928, 3.1187729959072046, 2.6686209921980306, 2.986246138549199, 1.1618235666399612, 3.320324833506505], [1.2923544405464005, 1.0105810209973272, 0.8629808804371045, 1.4873815919258915, 0.0, 0.21574522010927621, 0.8314715870070367, 1.7215937383715125, 2.0802425339368487, 1.8373769346544002, 1.4505698880095366, 1.1253110681051708, 1.6132169723877816, 2.1093245364334052, 4.0565231418050605, 4.283379273424197, 3.2019433161753503, 3.29819253531385, 3.9146629484541835, 2.4682078518633714, 1.8621699707599195], [1.0787261005463804, 1.006508817646423, 0.9831144389133953, 1.6850240354368835, 0.21574522010927621, 0.0, 0.6158027281524499, 1.6517920571306792, 1.9610000000000003, 1.6629431740140732, 1.2520003993609585, 0.9190609337796923, 1.398678304686249, 1.8953247742801227, 4.001819836024605, 4.246465353679457, 3.1770484730327926, 3.350492501110844, 4.002161915765028, 2.627781573875576, 1.6501336309523542], [0.4866590182047384, 1.2097359215961145, 1.443, 2.261847253905533, 0.8314715870070367, 0.6158027281524499, 0.0, 1.5836691573684196, 1.708422664331049, 1.2232403688564235, 0.7269346600623743, 0.37732744400586593, 0.7866307901423639, 1.2843850668705235, 3.8885222128721346, 4.181654815978956, 3.1673383147368392, 3.550650785419484, 4.285775659084363, 3.1099815111990616, 1.0595187586824502], [1.866575741833157, 0.7909696580779821, 1.3468203295168955, 2.2166057385110234, 1.7215937383715125, 1.6517920571306792, 1.5836691573684196, 0.0, 0.5779584760170929, 1.0366605037330208, 1.27421897647147, 1.3644925796793475, 1.7211960957427253, 1.9665769753559104, 2.3520478311462973, 2.614463042385568, 1.5836691573684194, 2.118068223641533, 2.9537496508675205, 2.433295091023692, 2.2506221362103416], [1.8474081844573498, 1.2907645021459184, 1.8724339774742393, 2.7750000000000004, 2.0802425339368487, 1.9610000000000003, 1.708422664331049, 0.5779584760170929, 0.0, 0.7184100500410613, 1.1618235666399612, 1.3903337728761394, 1.5697770542341354, 1.6715648357153245, 2.2166057385110234, 2.5487065346955893, 1.6629431740140732, 2.4645999675403716, 3.340057035441162, 3.0015644254288465, 2.095650734258932], [1.217069431051491, 1.3962292075443772, 1.9473392103072331, 2.894998791018746, 1.8373769346544002, 1.6629431740140732, 1.2232403688564235, 1.0366605037330208, 0.7184100500410613, 0.0, 0.5297593793412251, 0.8509999999999998, 0.8732313553692398, 0.962, 2.894998791018746, 3.245893405520274, 2.380972280393033, 3.1229402812093605, 3.978145296491822, 3.370048070873767, 1.386883196235357], [0.6951668864380697, 1.313890786937788, 1.77330003101562, 2.6989718412758585, 1.4505698880095366, 1.2520003993609585, 0.7269346600623743, 1.27421897647147, 1.1618235666399612, 0.5297593793412251, 0.0, 0.3510128202786899, 0.4470727010229991, 0.7909696580779821, 3.3767441419213275, 3.709792042689186, 2.781159829998988, 3.3872686636876033, 4.20320651407946, 3.345790340113976, 0.9775285162080951], [0.5032544088232115, 1.1891917423191267, 1.56147014060468, 2.4534655082148595, 1.1253110681051708, 0.9190609337796923, 0.37732744400586593, 1.3644925796793475, 1.3903337728761394, 0.8509999999999998, 0.3510128202786899, 0.0, 0.5387281318067584, 1.0099034607327573, 3.5981429932675, 3.910289119745495, 2.9321186879115246, 3.4258483620849303, 4.205160282319807, 3.1925232967043478, 0.9733180364094771], [0.45766472444356043, 1.7024021264084463, 2.099892616302081, 2.9887664679596493, 1.6132169723877816, 1.398678304686249, 0.7866307901423639, 1.7211960957427253, 1.5697770542341354, 0.8732313553692398, 0.4470727010229991, 0.5387281318067584, 0.0, 0.49778408974172705, 3.7676466129402315, 4.114326797909957, 3.212827415221677, 3.83392136069586, 4.646263122122983, 3.722317691976331, 0.5336215887686706], [0.9138325886069067, 2.104776472692528, 2.551122498038853, 3.460241899058503, 2.1093245364334052, 1.8953247742801227, 1.2843850668705235, 1.9665769753559104, 1.6715648357153245, 0.962, 0.7909696580779821, 1.0099034607327573, 0.49778408974172705, 0.0, 3.7678282869578865, 4.142017382870333, 3.3318494863964068, 4.076050048760441, 4.920304462124269, 4.13672575837461, 0.6333379824390765], [4.063940944452811, 3.062294891090667, 3.4905730188609434, 4.094146553312425, 4.0565231418050605, 4.001819836024605, 3.8885222128721346, 2.3520478311462973, 2.2166057385110234, 2.894998791018746, 3.3767441419213275, 3.5981429932675, 3.7676466129402315, 3.7678282869578865, 0.0, 0.421864907286681, 0.9796269698206561, 1.9473392103072338, 2.641810364125329, 3.634673300311873, 4.278102499940832], [4.388206239455935, 3.2761196559344414, 3.657202482772864, 4.181163713608928, 4.283379273424197, 4.246465353679457, 4.181654815978956, 2.614463042385568, 2.5487065346955893, 3.245893405520274, 3.709792042689186, 3.910289119745495, 4.114326797909957, 4.142017382870333, 0.421864907286681, 0.0, 1.095724874227103, 1.8201593336848287, 2.4069914831590085, 3.6085908607100365, 4.632689607560602], [3.4274464255477426, 2.191762076503743, 2.5615653417393043, 3.1187729959072046, 3.2019433161753503, 3.1770484730327926, 3.1673383147368392, 1.5836691573684194, 1.6629431740140732, 2.380972280393033, 2.781159829998988, 2.9321186879115246, 3.212827415221677, 3.3318494863964068, 0.9796269698206561, 1.095724874227103, 0.0, 1.1752961328958755, 2.0242077462553096, 2.680649361628633, 3.7448679549484787], [3.9244426355853386, 2.369155967850154, 2.479276104027141, 2.6686209921980306, 3.29819253531385, 3.350492501110844, 3.550650785419484, 2.118068223641533, 2.4645999675403716, 3.1229402812093605, 3.3872686636876033, 3.4258483620849303, 3.83392136069586, 4.076050048760441, 1.9473392103072338, 1.8201593336848287, 1.1752961328958755, 0.0, 0.8910779988306301, 1.855910558189699, 4.357996902247637], [4.693315459246268, 3.0779018827766427, 3.056925579728758, 2.986246138549199, 3.9146629484541835, 4.002161915765028, 4.285775659084363, 2.9537496508675205, 3.340057035441162, 3.978145296491822, 4.20320651407946, 4.205160282319807, 4.646263122122983, 4.920304462124269, 2.641810364125329, 2.4069914831590085, 2.0242077462553096, 0.8910779988306301, 0.0, 1.9240000000000002, 5.16000784883124], [3.589190716582222, 2.031970472226405, 1.6686958979993929, 1.1618235666399612, 2.4682078518633714, 2.627781573875576, 3.1099815111990616, 2.433295091023692, 3.0015644254288465, 3.370048070873767, 3.345790340113976, 3.1925232967043478, 3.722317691976331, 4.13672575837461, 3.634673300311873, 3.6085908607100365, 2.680649361628633, 1.855910558189699, 1.9240000000000002, 0.0, 4.145486340587796], [0.574394463761621, 2.1615728070088225, 2.4889204487086363, 3.320324833506505, 1.8621699707599195, 1.6501336309523542, 1.0595187586824502, 2.2506221362103416, 2.095650734258932, 1.386883196235357, 0.9775285162080951, 0.9733180364094771, 0.5336215887686706, 0.6333379824390765, 4.278102499940832, 4.632689607560602, 3.7448679549484787, 4.357996902247637, 5.16000784883124, 4.145486340587796, 0.0]], "duration_limit": 11.0, "end_depot": 20, "horizon": [0, 17], "instance_name": "2.g", "profits": [0.0, 20.0, 20.0, 30.0, 15.0, 15.0, 10.0, 20.0, 20.0, 20.0, 15.0, 10.0, 10.0, 25.0, 40.0, 40.0, 30.0, 30.0, 50.0, 30.0, 0.0], "speed_zone_count": 4, "speed_zones": [[0, 2], [2, 10], [10, 12], [12, 17]], "start_depot": 0, "vehicle_count": 1}