{"cluster_count": 5, "cluster_speeds": [[0.5, 0.81, 0.5, 0.81], [0.5, 0.7, 1.0, 1.5], [0.5, 1.5, 0.5, 1.5], [1.0, 1.5, 0.5, 0.7], [1.5, 1.5, 1.5, 1.5]], "clusters": [[4, 2, 2, 0, 2, 2, 2, 2, 4, 4, 4, 2, 2, 0, 4, 4, 2, 4, 4, 2, 4, 2, 0, 0, 2, 2, 0, 0, 4, 2, 2, 2, 0], [2, 4, 2, 2, 2, 2, 2, 2, 4, 4, 4, 2, 2, 2, 4, 4, 2, 4, 4, 2, 4, 2, 2, 2, 2, 4, 2, 2, 4, 4, 2, 4, 2], [2, 2, 4, 2, 2, 2, 2, 2, 4, 4, 4, 2, 2, 2, 4, 4, 2, 4, 4, 2, 4, 2, 2, 2, 2, 4, 2, 2, 4, 4, 2, 4, 2], [0, 2, 2, 4, 2, 2, 2, 2, 4, 4, 4, 2, 2, 4, 4, 4, 2, 4, 4, 2, 4, 2, 4, 0, 2, 2, 0, 0, 4, 2, 2, 2, 0], [0, 2, 2, 2, 4, 2, 2, 2, 4, 4, 4, 2, 2, 4, 4, 4, 2, 4, 4, 2, 4, 2, 4, 0, 2, 4, 0, 0, 4, 4, 2, 4, 0], [2, 2, 2, 2, 2, 4, 2, 2, 4, 4, 4, 2, 2, 2, 4, 4, 2, 4, 4, 2, 4, 2, 2, 2, 2, 4, 2, 2, 4, 4, 2, 4, 2], [0, 2, 2, 2, 2, 2, 4, 2, 4, 4, 4, 2, 2, 4, 4, 4, 2, 4, 4, 2, 4, 2, 4, 0, 2, 4, 0, 0, 4, 4, 2, 4, 0], [0, 2, 2, 2, 2, 2, 2, 4, 4, 4, 4, 2, 2, 4, 4, 4, 2, 4, 4, 2, 4, 2, 4, 0, 2, 4, 0, 0, 4, 4, 2, 4, 0], [4, 4, 4, 4, 4, 4, 4, 4, 4, 4, 4, 4, 4, 4, 4, 4, 4, 4, 4, 4, 4, 4, 4, 4, 4, 4, 4, 4, 4, 4, 4, 4, 4], [4, 4, 4, 4, 4, 4, 4, 4, 4, 4, 4, 4, 4, 4, 4, 4, 4, 4, 4, 4, 4, 4, 4, 4, 4, 4, 4, 4, 4, 4, 4, 4, 4], [4, 4, 4, 4, 4, 4, 4, 4, 4, 4, 4, 4, 4, 4, 4, 4, 4, 4, 4, 4, 4, 4, 4, 4, 4, 4, 4, 4, 4, 4, 4, 4, 4], [2, 2, 2, 2, 2, 2, 2, 2, 4, 4, 4, 4, 2, 2, 4, 4, 2, 4, 4, 2, 4, 2, 2, 2, 2, 4, 2, 2, 4, 4, 2, 4, 2], [2, 2, 2, 2, 2, 2, 2, 2, 4, 4, 4, 2, 4, 2, 4, 4, 2, 4, 4, 2, 4, 2, 2, 2, 2, 4, 2, 2, 4, 4, 2, 4, 2], [0, 2, 2, 0, 2, 2, 2, 2, 4, 4, 4, 2, 2, 4, 4, 4, 2, 4, 4, 2, 4, 2, 4, 0, 2, 2, 0, 0, 4, 2, 2, 2, 0], [4, 4, 4, 4, 4, 4, 4, 4, 4, 4, 4, 4, 4, 4, 4, 4, 4, 4, 4, 4, 4, 4, 4, 4, 4, 4, 4, 4, 4, 4, 4, 4, 4], [4, 4, 4, 4, 4, 4, 4, 4, 4, 4, 4, 4, 4, 4, 4, 4, 4, 4, 4, 4, 4, 4, 4, 4, 4, 4, 4, 4, 4, 4, 4, 4, 4], [2, 2, 2, 2, 2, 2, 2, 2, 4, 4, 4, 2, 2, 2, 4, 4, 4, 4, 4, 2, 4, 2, 2, 2, 2, 4, 2, 2, 4, 4, 2, 4, 2], [4, 4, 4, 4, 4, 4, 4, 4, 4, 4, 4, 4, 4, 4, 4, 4, 4, 4, 4, 4, 4, 4, 4, 4, 4, 4, 4, 4, 4, 4, 4, 4, 4], [4, 4, 4, 4, 4, 4, 4, 4, 4, 4, 4, 4, 4, 4, 4, 4, 4, 4, 4, 4, 4, 4, 4, 4, 4, 4, 4, 4, 4, 4, 4, 4, 4], [2, 2, 2, 2, 2, 2, 2, 2, 4, 4, 4, 2, 2, 2, 4, 4, 2, 4, 4, 4, 4, 2, 2, 2, 2, 4, 2, 2, 4, 4, 2, 4, 2], [4, 4, 4, 4, 4, 4, 4, 4, 4, 4, 4, 4, 4, 4, 4, 4, 4, 4, 4, 4, 4, 4, 4, 4, 4, 4, 4, 4, 4, 4, 4, 4, 4], [0, 2, 2, 2, 2, 2, 2, 2, 4, 4, 4, 2, 2, 4, 4, 4, 2, 4, 4, 2, 4, 4, 4, 0, 2, 4, 0, 0, 4, 4, 2, 4, 0], [0, 2, 2, 0, 2, 2, 2, 2, 4, 4, 4, 2, 2, 0, 4, 4, 2, 4, 4, 2, 4, 2, 4, 0, 2, 2, 0, 0, 4, 2, 2, 2, 0], [0, 2, 2, 0, 2, 2, 2, 2, 4, 4, 4, 2, 2, 0, 4, 4, 2, 4, 4, 2, 4, 2, 0, 4, 2, 2, 0, 0, 4, 2, 2, 2, 0], [0, 2, 2, 2, 2, 2, 2, 2, 4, 4, 4, 2, 2, 4, 4, 4, 2, 4, 4, 2, 4, 2, 4, 0, 4, 4, 0, 0, 4, 4, 2, 4, 0], [2, 4, 4, 2, 2, 4, 2, 2, 4, 4, 4, 4, 4, 2, 4, 4, 4, 4, 4, 4, 4, 2, 2, 2, 2, 4, 2, 2, 4, 2, 4, 2, 2], [0, 2, 2, 0, 2, 2, 2, 2, 4, 4, 4, 2, 2, 0, 4, 4, 2, 4, 4, 2, 4, 2, 0, 0, 2, 2, 4, 0, 4, 2, 2, 2, 0], [0, 2, 2, 0, 2, 2, 2, 2, 4, 4, 4, 2, 2, 0, 4, 4, 2, 4, 4, 2, 4, 2, 0, 0, 2, 2, 0, 4, 4, 2, 2, 2, 0], [4, 4, 4, 4, 4, 4, 4, 4, 4, 4, 4, 4, 4, 4, 4, 4, 4, 4, 4, 4, 4, 4, 4, 4, 4, 4, 4, 4, 4, 4, 4, 4, 4], [2, 4, 4, 2, 2, 4, 2, 2, 4, 4, 4, 4, 4, 2, 4, 4, 4, 4, 4, 4, 4, 2, 2, 2, 2, 2, 2, 2, 4, 4, 4, 2, 2], [2, 2, 2, 2, 2, 2, 2, 2, 4, 4, 4, 4, 2, 2, 2, 4, 4, 2, 4, 4, 2, 4, 2, 2, 2, 2, 4, 2, 2, 4, 4, 2, 4], [2, 4, 4, 2, 2, 4, 2, 2, 4, 4, 4, 4, 4, 2, 4, 4, 4, 4, 4, 4, 4, 2, 2, 2, 2, 2, 2, 2, 4, 2, 4, 4, 2], [0, 2, 2, 0, 2, 2, 2, 2, 4, 4, 4, 2, 2, 0, 4, 4, 2, 4, 4, 2, 4, 2, 0, 0, 2, 4, 0, 0, 4, 4, 2, 4, 4]], "dataset_name": "verbeeck_et_al_2014", "digraph": {"arc_count": 992, "arcs": [[0, 1, 1, 1, 1, 1, 1, 1, 1, 1, 1, 1, 1, 1, 1, 1, 1, 1, 1, 1, 1, 1, 1, 1, 1, 1, 1, 1, 1, 1, 1, 1, 0], [0, 0, 1, 1, 1, 1, 1, 1, 1, 1, 1, 1, 1, 1, 1, 1, 1, 1, 1, 1, 1, 1, 1, 1, 1, 1, 1, 1, 1, 1, 1, 1, 1], [0, 1, 0, 1, 1, 1, 1, 1, 1, 1, 1, 1, 1, 1, 1, 1, 1, 1, 1, 1, 1, 1, 1, 1, 1, 1, 1, 1, 1, 1, 1, 1, 1], [0, 1, 1, 0, 1, 1, 1, 1, 1, 1, 1, 1, 1, 1, 1, 1, 1, 1, 1, 1, 1, 1, 1, 1, 1, 1, 1, 1, 1, 1, 1, 1, 1], [0, 1, 1, 1, 0, 1, 1, 1, 1, 1, 1, 1, 1, 1, 1, 1, 1, 1, 1, 1, 1, 1, 1, 1, 1, 1, 1, 1, 1, 1, 1, 1, 1], [0, 1, 1, 1, 1, 0, 1, 1, 1, 1, 1, 1, 1, 1, 1, 1, 1, 1, 1, 1, 1, 1, 1, 1, 1, 1, 1, 1, 1, 1, 1, 1, 1], [0, 1, 1, 1, 1, 1, 0, 1, 1, 1, 1, 1, 1, 1, 1, 1, 1, 1, 1, 1, 1, 1, 1, 1, 1, 1, 1, 1, 1, 1, 1, 1, 1], [0, 1, 1, 1, 1, 1, 1, 0, 1, 1, 1, 1, 1, 1, 1, 1, 1, 1, 1, 1, 1, 1, 1, 1, 1, 1, 1, 1, 1, 1, 1, 1, 1], [0, 1, 1, 1, 1, 1, 1, 1, 0, 1, 1, 1, 1, 1, 1, 1, 1, 1, 1, 1, 1, 1, 1, 1, 1, 1, 1, 1, 1, 1, 1, 1, 1], [0, 1, 1, 1, 1, 1, 1, 1, 1, 0, 1, 1, 1, 1, 1, 1, 1, 1, 1, 1, 1, 1, 1, 1, 1, 1, 1, 1, 1, 1, 1, 1, 1], [0, 1, 1, 1, 1, 1, 1, 1, 1, 1, 0, 1, 1, 1, 1, 1, 1, 1, 1, 1, 1, 1, 1, 1, 1, 1, 1, 1, 1, 1, 1, 1, 1], [0, 1, 1, 1, 1, 1, 1, 1, 1, 1, 1, 0, 1, 1, 1, 1, 1, 1, 1, 1, 1, 1, 1, 1, 1, 1, 1, 1, 1, 1, 1, 1, 1], [0, 1, 1, 1, 1, 1, 1, 1, 1, 1, 1, 1, 0, 1, 1, 1, 1, 1, 1, 1, 1, 1, 1, 1, 1, 1, 1, 1, 1, 1, 1, 1, 1], [0, 1, 1, 1, 1, 1, 1, 1, 1, 1, 1, 1, 1, 0, 1, 1, 1, 1, 1, 1, 1, 1, 1, 1, 1, 1, 1, 1, 1, 1, 1, 1, 1], [0, 1, 1, 1, 1, 1, 1, 1, 1, 1, 1, 1, 1, 1, 0, 1, 1, 1, 1, 1, 1, 1, 1, 1, 1, 1, 1, 1, 1, 1, 1, 1, 1], [0, 1, 1, 1, 1, 1, 1, 1, 1, 1, 1, 1, 1, 1, 1, 0, 1, 1, 1, 1, 1, 1, 1, 1, 1, 1, 1, 1, 1, 1, 1, 1, 1], [0, 1, 1, 1, 1, 1, 1, 1, 1, 1, 1, 1, 1, 1, 1, 1, 0, 1, 1, 1, 1, 1, 1, 1, 1, 1, 1, 1, 1, 1, 1, 1, 1], [0, 1, 1, 1, 1, 1, 1, 1, 1, 1, 1, 1, 1, 1, 1, 1, 1, 0, 1, 1, 1, 1, 1, 1, 1, 1, 1, 1, 1, 1, 1, 1, 1], [0, 1, 1, 1, 1, 1, 1, 1, 1, 1, 1, 1, 1, 1, 1, 1, 1, 1, 0, 1, 1, 1, 1, 1, 1, 1, 1, 1, 1, 1, 1, 1, 1], [0, 1, 1, 1, 1, 1, 1, 1, 1, 1, 1, 1, 1, 1, 1, 1, 1, 1, 1, 0, 1, 1, 1, 1, 1, 1, 1, 1, 1, 1, 1, 1, 1], [0, 1, 1, 1, 1, 1, 1, 1, 1, 1, 1, 1, 1, 1, 1, 1, 1, 1, 1, 1, 0, 1, 1, 1, 1, 1, 1, 1, 1, 1, 1, 1, 1], [0, 1, 1, 1, 1, 1, 1, 1, 1, 1, 1, 1, 1, 1, 1, 1, 1, 1, 1, 1, 1, 0, 1, 1, 1, 1, 1, 1, 1, 1, 1, 1, 1], [0, 1, 1, 1, 1, 1, 1, 1, 1, 1, 1, 1, 1, 1, 1, 1, 1, 1, 1, 1, 1, 1, 0, 1, 1, 1, 1, 1, 1, 1, 1, 1, 1], [0, 1, 1, 1, 1, 1, 1, 1, 1, 1, 1, 1, 1, 1, 1, 1, 1, 1, 1, 1, 1, 1, 1, 0, 1, 1, 1, 1, 1, 1, 1, 1, 1], [0, 1, 1, 1, 1, 1, 1, 1, 1, 1, 1, 1, 1, 1, 1, 1, 1, 1, 1, 1, 1, 1, 1, 1, 0, 1, 1, 1, 1, 1, 1, 1, 1], [0, 1, 1, 1, 1, 1, 1, 1, 1, 1, 1, 1, 1, 1, 1, 1, 1, 1, 1, 1, 1, 1, 1, 1, 1, 0, 1, 1, 1, 1, 1, 1, 1], [0, 1, 1, 1, 1, 1, 1, 1, 1, 1, 1, 1, 1, 1, 1, 1, 1, 1, 1, 1, 1, 1, 1, 1, 1, 1, 0, 1, 1, 1, 1, 1, 1], [0, 1, 1, 1, 1, 1, 1, 1, 1, 1, 1, 1, 1, 1, 1, 1, 1, 1, 1, 1, 1, 1, 1, 1, 1, 1, 1, 0, 1, 1, 1, 1, 1], [0, 1, 1, 1, 1, 1, 1, 1, 1, 1, 1, 1, 1, 1, 1, 1, 1, 1, 1, 1, 1, 1, 1, 1, 1, 1, 1, 1, 0, 1, 1, 1, 1], [0, 1, 1, 1, 1, 1, 1, 1, 1, 1, 1, 1, 1, 1, 1, 1, 1, 1, 1, 1, 1, 1, 1, 1, 1, 1, 1, 1, 1, 0, 1, 1, 1], [0, 1, 1, 1, 1, 1, 1, 1, 1, 1, 1, 1, 1, 1, 1, 1, 1, 1, 1, 1, 1, 1, 1, 1, 1, 1, 1, 1, 1, 1, 0, 1, 1], [0, 1, 1, 1, 1, 1, 1, 1, 1, 1, 1, 1, 1, 1, 1, 1, 1, 1, 1, 1, 1, 1, 1, 1, 1, 1, 1, 1, 1, 1, 1, 0, 1], [0, 0, 0, 0, 0, 0, 0, 0, 0, 0, 0, 0, 0, 0, 0, 0, 0, 0, 0, 0, 0, 0, 0, 0, 0, 0, 0, 0, 0, 0, 0, 0, 0]], "coordinates": [[19.1, 24.3], [12.6, 24.9], [14.4, 28.0], [16.9, 28.1], [20.7, 28.2], [12.5, 26.6], [21.8, 27.3], [12.5, 22.6], [22.5, 17.0], [19.9, 15.0], [14.9, 15.1], [11.5, 18.6], [12.4, 29.8], [17.8, 28.1], [9.1, 29.8], [10.0, 32.6], [13.9, 33.1], [19.95, 10.3], [15.2, 8.0], [14.7, 31.2], [7.4, 36.5], [21.0, 25.5], [18.0, 25.3], [19.5, 24.7], [21.4, 21.8], [16.0, 21.4], [18.65, 26.2], [17.9, 28.9], [14.3, 19.9], [17.0, 19.0], [10.8, 21.0], [15.7, 23.7], [18.2, 24.0]], "vertex_count": 33}, "distances": [[0.0, 1.3055267136294075, 1.1963277142990545, 0.8781799360040063, 0.8430895563343193, 1.3978555004005246, 0.8072174428244224, 1.3630847369110992, 1.6105899540230593, 1.8668690366493308, 2.0226715007632854, 1.9, 1.733666634621547, 0.8032434251209283, 2.282542442102666, 2.463331078032346, 2.044309174268902, 2.80515596714336, 3.3520143197784824, 1.6367040050051813, 3.3807099846038255, 0.4494441010848843, 0.2973213749463703, 0.1131370849898472, 0.6794115100585207, 0.8489994110716454, 0.39051248379533254, 0.9507891459203768, 1.3023056476879769, 1.1401754250991383, 1.7863930138690087, 0.6905070600652832, 0.1897366596101032], [1.3055267136294075, 0.0, 0.7169379331573971, 1.072007462660592, 1.74928556845359, 0.3405877273185286, 1.9015782918407542, 0.46043457732885296, 2.5331403435261928, 2.4600812994695924, 2.013256069157622, 1.279062156425558, 0.9808159868191387, 1.2211470017979003, 1.204325537385968, 1.6254230218623094, 1.6604818577750262, 3.269143618747882, 3.419766073871135, 1.3281566172707193, 2.5424397731313126, 1.6842802617141839, 1.0829589096544707, 1.3805795884337855, 1.866011789887727, 0.9759098319004682, 1.237618681177688, 1.3280060240827223, 1.0562196741208716, 1.4720054347725757, 0.8590692637965809, 0.6648308055437864, 1.1343720729989786], [1.1963277142990545, 0.7169379331573971, 0.0, 0.5003998401278718, 1.2606347607455537, 0.47201694884823775, 1.4866068747318506, 1.1449017425089367, 2.732105415242977, 2.8231188426986202, 2.5819372571772536, 1.967434878210712, 0.5381449618829485, 0.680294054067798, 1.1194641575325224, 1.273106437027164, 1.024890238025517, 3.70994609125254, 4.003198721022978, 0.6428063471995278, 2.2022715545545237, 1.411523999087511, 0.8999999999999998, 1.2149074038789953, 1.8701871564097534, 1.358234147707972, 0.9230926280715275, 0.7227724399837057, 1.620123452086291, 1.873606148580859, 1.574293492332354, 0.8984430978086481, 1.1034491379306977], [0.8781799360040063, 1.072007462660592, 0.5003998401278718, 0.0, 0.7602631123499286, 0.9297311439335566, 0.9929753269845131, 1.4086873322352265, 2.486523677747711, 2.6878243990260975, 2.6305892875931813, 2.185497654997598, 0.9620810776644552, 0.18000000000000044, 1.5966214329013622, 1.6475436261295175, 1.1661903789690597, 3.611883165330795, 4.034352488318293, 0.760263112349928, 2.536217656274792, 0.9709788875150689, 0.6016643582596533, 0.8560373823613083, 1.548418548067673, 1.3520355024924462, 0.5166236541235799, 0.2561249694973136, 1.7204650534085257, 1.8201098867925534, 1.87211110781385, 0.9121403400793108, 0.860232526704263], [0.8430895563343193, 1.74928556845359, 1.2606347607455537, 0.7602631123499286, 0.0, 1.6709278859364336, 0.28425340807103794, 1.985950653969025, 2.268744145997957, 2.6448440407706464, 2.8653097563788803, 2.6593232221751455, 1.6905620367203327, 0.5803447251418761, 2.3419649869287116, 2.3138712150852303, 1.6763054614240211, 3.583141080113927, 4.187075351602834, 1.3416407864998738, 3.1354744457577706, 0.5433231082882448, 0.7924645102463577, 0.74, 1.2876334882255895, 1.6532392446346051, 0.5728001396647876, 0.5772347875864726, 2.0961870145576227, 1.983229689168655, 2.4482646915723794, 1.345362404707371, 0.9775479527879949], [1.3978555004005246, 0.3405877273185286, 0.47201694884823775, 0.9297311439335566, 1.6709278859364336, 0.0, 1.8652613757862462, 0.8, 2.772435752186153, 2.7518720900506985, 2.3495531490051467, 1.6124515496597098, 0.6403124237432847, 1.101635148313633, 0.9338094023943, 1.3, 1.3298120167903433, 3.584368842627667, 3.7589892258425004, 1.0198039027185566, 2.22728534319247, 1.7141761869772896, 1.1303096920755835, 1.4506550244630874, 2.0223748416156684, 1.253634715537186, 1.2325988804148733, 1.1738824472663345, 1.3875157656761963, 1.7664653973401236, 1.1704699910719627, 0.8637129152675674, 1.2529964086141667], [0.8072174428244224, 1.9015782918407542, 1.4866068747318506, 0.9929753269845131, 0.28425340807103794, 1.8652613757862462, 0.0, 2.084034548657963, 2.064751801064719, 2.4891765706755318, 2.803212442894759, 2.6965162710430657, 1.9453534383242548, 0.8158431221748457, 2.5887448696231155, 2.587121953059036, 1.9601020381602587, 3.420073098634004, 4.079460748677453, 1.6201234520862908, 3.417601498127012, 0.3939543120718444, 0.8588364221433556, 0.6942621983083915, 1.102905254316979, 1.6546903033498448, 0.6673080248281154, 0.8430895563343199, 2.1072256642324763, 1.9176026700023132, 2.5352711886502397, 1.416615685357183, 0.9767292357659827], [1.3630847369110992, 0.46043457732885296, 1.1449017425089367, 1.4086873322352265, 1.985950653969025, 0.8, 2.084034548657963, 0.0, 2.2922478051031048, 2.1215088969881792, 1.574928569808803, 0.8246211251235321, 1.440138882191575, 1.5276125163142649, 1.5924823389915506, 2.0615528128088303, 2.118584433059018, 2.876056327682057, 2.9695117443781904, 1.7753872816937715, 2.9612159664570226, 1.7962182495454164, 1.2253978945632311, 1.461642911247477, 1.7871765441612084, 0.7400000000000002, 1.4252368224263638, 1.6595180023127192, 0.6489992295835185, 1.152562362737913, 0.4669047011971502, 0.676756972627545, 1.173882447266335], [1.6105899540230593, 2.5331403435261928, 2.732105415242977, 2.486523677747711, 2.268744145997957, 2.772435752186153, 2.064751801064719, 2.2922478051031048, 0.0, 0.6560487786742693, 1.5667801377347108, 2.223150917054441, 3.260981447355995, 2.4108089928486662, 3.706211003167521, 3.9980495244556438, 3.6505889935735025, 1.4337712509323095, 2.317671245021606, 3.2402469041725817, 4.932585528908748, 1.7262676501632068, 1.8882796403075475, 1.6527552752903254, 0.9848857801796107, 1.5698407562552323, 1.9946177578674065, 2.5516269319788893, 1.7395401691251628, 1.1704699910719625, 2.472973918180295, 1.909240686765291, 1.6430459518832699], [1.8668690366493308, 2.4600812994695924, 2.8231188426986202, 2.6878243990260975, 2.6448440407706464, 2.7518720900506985, 2.4891765706755318, 2.1215088969881792, 0.6560487786742693, 0.0, 1.0001999800039987, 1.827785545407338, 3.318373095358628, 2.653450583674021, 3.6643143969916117, 4.03866314515088, 3.813712102401019, 0.9400531899844815, 1.6862977198585072, 3.4028223579846184, 4.973932046178355, 2.1114923632350653, 2.0947553556441862, 1.9416487838947596, 1.3926952286842949, 1.4989329538041383, 2.2539077177204923, 2.8086295590554475, 1.4882204137828503, 0.9881295461628499, 2.1799999999999997, 1.9321490625725541, 1.8318296864064627], [2.0226715007632854, 2.013256069157622, 2.5819372571772536, 2.6305892875931813, 2.8653097563788803, 2.3495531490051467, 2.803212442894759, 1.574928569808803, 1.5667801377347108, 1.0001999800039987, 0.0, 0.9759098319004685, 2.982213942694253, 2.663906905280288, 3.160569568922665, 3.6346113960092077, 3.605551275463989, 1.39344895851983, 1.4212670403551895, 3.220248437620924, 4.535239795203777, 2.4113896408502713, 2.1321350801485353, 2.129037341147402, 1.866976164818394, 1.2790621564255582, 2.343266950221421, 2.8244645510255566, 0.9674709297958257, 0.885889383614004, 1.4369411957348848, 1.7274258305351347, 1.8984203960134856], [1.9, 1.279062156425558, 1.967434878210712, 2.185497654997598, 2.6593232221751455, 1.6124515496597098, 2.6965162710430657, 0.8246211251235321, 2.223150917054441, 1.827785545407338, 0.9759098319004685, 0.0, 2.247220505424423, 2.279824554653274, 2.2908513701242166, 2.8160255680657444, 2.9394557319340597, 2.368902699563661, 2.245439823286298, 2.5999999999999996, 3.672710170977285, 2.3482759633399137, 1.866976164818394, 2.012063617284503, 2.080865204668481, 1.0599999999999996, 2.0869355524308837, 2.425283488584375, 0.6174139616173252, 1.102905254316979, 0.4999999999999997, 1.321362932732714, 1.7210461934532728], [1.733666634621547, 0.9808159868191387, 0.5381449618829485, 0.9620810776644552, 1.6905620367203327, 0.6403124237432847, 1.9453534383242548, 1.440138882191575, 3.260981447355995, 3.318373095358628, 2.982213942694253, 2.247220505424423, 0.0, 1.132254388377453, 0.6600000000000001, 0.7375635565834311, 0.7249827584156744, 4.182116688950704, 4.395816192699599, 0.5385164807134502, 1.672004784682149, 1.923018460649819, 1.4368020044529448, 1.7483706700811474, 2.408318915758459, 1.8277855454073382, 1.4425324953012322, 1.1146299834474216, 2.016134916120447, 2.3477648945326703, 1.788854381999832, 1.3870832707519762, 1.6404877323527902], [0.8032434251209283, 1.2211470017979003, 0.680294054067798, 0.18000000000000044, 0.5803447251418761, 1.101635148313633, 0.8158431221748457, 1.5276125163142649, 2.4108089928486662, 2.653450583674021, 2.663906905280288, 2.279824554653274, 1.132254388377453, 0.0, 1.7729072169744249, 1.8009997223764362, 1.2682271089990151, 3.585875067539303, 4.053492321443326, 0.8768124086713188, 2.6737239947309446, 0.8246211251235321, 0.5614267539047282, 0.7602631123499288, 1.4512063946937388, 1.3875157656761963, 0.4162931659299732, 0.1612451549659704, 1.7831432920547923, 1.8270194306574852, 1.9940912717325656, 0.9750897394599131, 0.8238931969618395], [2.282542442102666, 1.204325537385968, 1.1194641575325224, 1.5966214329013622, 2.3419649869287116, 0.9338094023943, 2.5887448696231155, 1.5924823389915506, 3.706211003167521, 3.6643143969916117, 3.160569568922665, 2.2908513701242166, 0.6600000000000001, 1.7729072169744249, 0.0, 0.5882176467941098, 1.164989270336856, 4.463059488736398, 4.527471700629393, 1.1544695751729448, 1.3824615727028364, 2.5306125740618617, 1.9945926902503177, 2.3166354913969527, 2.9345527768298867, 2.174120511839213, 2.041200627082012, 1.7691806012954132, 2.2365151463828727, 2.676191323504357, 1.7925400971805345, 1.7974426277353057, 2.1582400237230335], [2.463331078032346, 1.6254230218623094, 1.273106437027164, 1.6475436261295175, 2.3138712150852303, 1.3, 2.587121953059036, 2.0615528128088303, 3.9980495244556438, 4.03866314515088, 3.6346113960092077, 2.8160255680657444, 0.7375635565834311, 1.8009997223764362, 0.5882176467941098, 0.0, 0.7863841300535, 4.883820226011601, 5.028717530345088, 0.9808159868191382, 0.937443331620637, 2.618472837361503, 2.1660101569475616, 2.471113109511582, 3.140700558792576, 2.541180827882975, 2.1520455385516355, 1.744706279005151, 2.6816412884649585, 3.0591502087998235, 2.325510696599782, 2.113764414498456, 2.376552124402072], [2.044309174268902, 1.6604818577750262, 1.024890238025517, 1.1661903789690597, 1.6763054614240211, 1.3298120167903433, 1.9601020381602587, 2.118584433059018, 3.6505889935735025, 3.813712102401019, 3.605551275463989, 2.9394557319340597, 0.7249827584156744, 1.2682271089990151, 1.164989270336856, 0.7863841300535, 0.0, 4.717806693793208, 5.026728558416498, 0.4123105625617664, 1.4671059948074643, 2.080096151623766, 1.7623847480048163, 2.019108714259834, 2.712489631316588, 2.3773935307390746, 1.6753805537847217, 1.1600000000000004, 2.6412118430750686, 2.8873517277948664, 2.4981593223811807, 1.9141577782408643, 2.0129580224137813], [2.80515596714336, 3.269143618747882, 3.70994609125254, 3.611883165330795, 3.583141080113927, 3.584368842627667, 3.420073098634004, 2.876056327682057, 1.4337712509323095, 0.9400531899844815, 1.39344895851983, 2.368902699563661, 4.182116688950704, 3.585875067539303, 4.463059488736398, 4.883820226011601, 4.717806693793208, 0.0, 1.0555093557141026, 4.309860786614807, 5.810137692000078, 3.047244657063164, 3.0252437918290154, 2.8814059068447815, 2.3182105167564053, 2.356374333589635, 3.190611226708763, 3.742525885014023, 2.227846493814149, 1.8373078130786902, 2.8157592226609145, 2.811565400270817, 2.762263564542674], [3.3520143197784824, 3.419766073871135, 4.003198721022978, 4.034352488318293, 4.187075351602834, 3.7589892258425004, 4.079460748677453, 2.9695117443781904, 2.317671245021606, 1.6862977198585072, 1.4212670403551895, 2.245439823286298, 4.395816192699599, 4.053492321443326, 4.527471700629393, 5.028717530345088, 5.026728558416498, 1.0555093557141026, 0.0, 4.641077461107495, 5.9096192770769935, 3.6872211758992703, 3.5050249642477587, 3.448941866717965, 3.025756103852391, 2.6847718711279738, 3.7048211832691735, 4.21473605342019, 2.386797016924564, 2.2292599668948436, 2.744886154287642, 3.1415919531345886, 3.255764119219941], [1.6367040050051813, 1.3281566172707193, 0.6428063471995278, 0.760263112349928, 1.3416407864998738, 1.0198039027185566, 1.6201234520862908, 1.7753872816937715, 3.2402469041725817, 3.4028223579846184, 3.220248437620924, 2.5999999999999996, 0.5385164807134502, 0.8768124086713188, 1.1544695751729448, 0.9808159868191382, 0.4123105625617664, 4.309860786614807, 4.641077461107495, 0.0, 1.8042172818150255, 1.6991762710207556, 1.3520355024924453, 1.616044553841261, 2.308679276123039, 1.977169694285243, 1.274401820463232, 0.7881624198095212, 2.2614154859291116, 2.4829820780666134, 2.1840329667841556, 1.5132745950421556, 1.6011246047700347], [3.3807099846038255, 2.5424397731313126, 2.2022715545545237, 2.536217656274792, 3.1354744457577706, 2.22728534319247, 3.417601498127012, 2.9612159664570226, 4.932585528908748, 4.973932046178355, 4.535239795203777, 3.672710170977285, 1.672004784682149, 2.6737239947309446, 1.3824615727028364, 0.937443331620637, 1.4671059948074643, 5.810137692000078, 5.9096192770769935, 1.8042172818150255, 0.0, 3.4983424646537964, 3.0841530441921976, 3.380236678104064, 4.06, 3.475456804507862, 3.0505901068481815, 2.5923734298900687, 3.5953859319967316, 3.9920420839465103, 3.1737044600907627, 3.051098162957069, 3.3038765110094537], [0.4494441010848843, 1.6842802617141839, 1.411523999087511, 0.9709788875150689, 0.5433231082882448, 1.7141761869772896, 0.3939543120718444, 1.7962182495454164, 1.7262676501632068, 2.1114923632350653, 2.4113896408502713, 2.3482759633399137, 1.923018460649819, 0.8246211251235321, 2.5306125740618617, 2.618472837361503, 2.080096151623766, 3.047244657063164, 3.6872211758992703, 1.6991762710207556, 3.4983424646537964, 0.0, 0.6013318551349163, 0.3400000000000001, 0.7443117626371356, 1.2932130528261772, 0.49040799340956936, 0.9202173656261872, 1.7464249196572983, 1.5264337522473748, 2.2297085011274453, 1.1194641575325224, 0.6352952069707437], [0.2973213749463703, 1.0829589096544707, 0.8999999999999998, 0.6016643582596533, 0.7924645102463577, 1.1303096920755835, 0.8588364221433556, 1.2253978945632311, 1.8882796403075475, 2.0947553556441862, 2.1321350801485353, 1.866976164818394, 1.4368020044529448, 0.5614267539047282, 1.9945926902503177, 2.1660101569475616, 1.7623847480048163, 3.0252437918290154, 3.5050249642477587, 1.3520355024924453, 3.0841530441921976, 0.6013318551349163, 0.0, 0.32310988842807037, 0.9759098319004679, 0.8765842800324453, 0.22203603311174475, 0.7202777242147638, 1.3091982279242516, 1.275774274705365, 1.6772596698186004, 0.5603570290448763, 0.26305892875931824], [0.1131370849898472, 1.3805795884337855, 1.2149074038789953, 0.8560373823613083, 0.74, 1.4506550244630874, 0.6942621983083915, 1.461642911247477, 1.6527552752903254, 1.9416487838947596, 2.129037341147402, 2.012063617284503, 1.7483706700811474, 0.7602631123499288, 2.3166354913969527, 2.471113109511582, 2.019108714259834, 2.8814059068447815, 3.448941866717965, 1.616044553841261, 3.380236678104064, 0.3400000000000001, 0.32310988842807037, 0.0, 0.6933974329343882, 0.9620810776644555, 0.34481879299133344, 0.8988882021697693, 1.4153444810363305, 1.244829305567635, 1.8908199279677587, 0.7858753081755402, 0.2952964612046681], [0.6794115100585207, 1.866011789887727, 1.8701871564097534, 1.548418548067673, 1.2876334882255895, 2.0223748416156684, 1.102905254316979, 1.7871765441612084, 0.9848857801796107, 1.3926952286842949, 1.866976164818394, 2.080865204668481, 2.408318915758459, 1.4512063946937388, 2.9345527768298867, 3.140700558792576, 2.712489631316588, 2.3182105167564053, 3.025756103852391, 2.308679276123039, 4.06, 0.7443117626371356, 0.9759098319004679, 0.6933974329343882, 0.0, 1.0829589096544705, 1.0377379245262262, 1.5831613941730638, 1.4699659860010363, 1.0430723848324237, 2.1260291625469296, 1.2016655108639838, 0.7766595135579037], [0.8489994110716454, 0.9759098319004682, 1.358234147707972, 1.3520355024924462, 1.6532392446346051, 1.253634715537186, 1.6546903033498448, 0.7400000000000002, 1.5698407562552323, 1.4989329538041383, 1.2790621564255582, 1.0599999999999996, 1.8277855454073382, 1.3875157656761963, 2.174120511839213, 2.541180827882975, 2.3773935307390746, 2.356374333589635, 2.6847718711279738, 1.977169694285243, 3.475456804507862, 1.2932130528261772, 0.8765842800324453, 0.9620810776644555, 1.0829589096544705, 0.0, 1.0965856099730655, 1.547384890710776, 0.45343136195018524, 0.5199999999999998, 1.0430723848324237, 0.46389654018972826, 0.6811754546370562], [0.39051248379533254, 1.237618681177688, 0.9230926280715275, 0.5166236541235799, 0.5728001396647876, 1.2325988804148733, 0.6673080248281154, 1.4252368224263638, 1.9946177578674065, 2.2539077177204923, 2.343266950221421, 2.0869355524308837, 1.4425324953012322, 0.4162931659299732, 2.041200627082012, 2.1520455385516355, 1.6753805537847217, 3.190611226708763, 3.7048211832691735, 1.274401820463232, 3.0505901068481815, 0.49040799340956936, 0.22203603311174475, 0.34481879299133344, 1.0377379245262262, 1.0965856099730655, 0.0, 0.560446250768082, 1.5311760186209813, 1.4773286702694155, 1.8832153355365389, 0.7733692520394122, 0.44911023145771223], [0.9507891459203768, 1.3280060240827223, 0.7227724399837057, 0.2561249694973136, 0.5772347875864726, 1.1738824472663345, 0.8430895563343199, 1.6595180023127192, 2.5516269319788893, 2.8086295590554475, 2.8244645510255566, 2.425283488584375, 1.1146299834474216, 0.1612451549659704, 1.7691806012954132, 1.744706279005151, 1.1600000000000004, 3.742525885014023, 4.21473605342019, 0.7881624198095212, 2.5923734298900687, 0.9202173656261872, 0.7202777242147638, 0.8988882021697693, 1.5831613941730638, 1.547384890710776, 0.560446250768082, 0.0, 1.9386593305684212, 1.9881649830937067, 2.1243351901241945, 1.1292475370794481, 0.9818350166906858], [1.3023056476879769, 1.0562196741208716, 1.620123452086291, 1.7204650534085257, 2.0961870145576227, 1.3875157656761963, 2.1072256642324763, 0.6489992295835185, 1.7395401691251628, 1.4882204137828503, 0.9674709297958257, 0.6174139616173252, 2.016134916120447, 1.7831432920547923, 2.2365151463828727, 2.6816412884649585, 2.6412118430750686, 2.227846493814149, 2.386797016924564, 2.2614154859291116, 3.5953859319967316, 1.7464249196572983, 1.3091982279242516, 1.4153444810363305, 1.4699659860010363, 0.45343136195018524, 1.5311760186209813, 1.9386593305684212, 0.0, 0.569209978830308, 0.7337574531137657, 0.8099382692526635, 1.1317243480636088], [1.1401754250991383, 1.4720054347725757, 1.873606148580859, 1.8201098867925534, 1.983229689168655, 1.7664653973401236, 1.9176026700023132, 1.152562362737913, 1.1704699910719625, 0.9881295461628499, 0.885889383614004, 1.102905254316979, 2.3477648945326703, 1.8270194306574852, 2.676191323504357, 3.0591502087998235, 2.8873517277948664, 1.8373078130786902, 2.2292599668948436, 2.4829820780666134, 3.9920420839465103, 1.5264337522473748, 1.275774274705365, 1.244829305567635, 1.0430723848324237, 0.5199999999999998, 1.4773286702694155, 1.9881649830937067, 0.569209978830308, 0.0, 1.3029197979921863, 0.9752948272189286, 1.0283968105745953], [1.7863930138690087, 0.8590692637965809, 1.574293492332354, 1.87211110781385, 2.4482646915723794, 1.1704699910719627, 2.5352711886502397, 0.4669047011971502, 2.472973918180295, 2.1799999999999997, 1.4369411957348848, 0.4999999999999997, 1.788854381999832, 1.9940912717325656, 1.7925400971805345, 2.325510696599782, 2.4981593223811807, 2.8157592226609145, 2.744886154287642, 2.1840329667841556, 3.1737044600907627, 2.2297085011274453, 1.6772596698186004, 1.8908199279677587, 2.1260291625469296, 1.0430723848324237, 1.8832153355365389, 2.1243351901241945, 0.7337574531137657, 1.3029197979921863, 0.0, 1.118928058455949, 1.59699718221417], [0.6905070600652832, 0.6648308055437864, 0.8984430978086481, 0.9121403400793108, 1.345362404707371, 0.8637129152675674, 1.416615685357183, 0.676756972627545, 1.909240686765291, 1.9321490625725541, 1.7274258305351347, 1.321362932732714, 1.3870832707519762, 0.9750897394599131, 1.7974426277353057, 2.113764414498456, 1.9141577782408643, 2.811565400270817, 3.1415919531345886, 1.5132745950421556, 3.051098162957069, 1.1194641575325224, 0.5603570290448763, 0.7858753081755402, 1.2016655108639838, 0.46389654018972826, 0.7733692520394122, 1.1292475370794481, 0.8099382692526635, 0.9752948272189286, 1.118928058455949, 0.0, 0.5035871324805669], [0.1897366596101032, 1.1343720729989786, 1.1034491379306977, 0.860232526704263, 0.9775479527879949, 1.2529964086141667, 0.9767292357659827, 1.173882447266335, 1.6430459518832699, 1.8318296864064627, 1.8984203960134856, 1.7210461934532728, 1.6404877323527902, 0.8238931969618395, 2.1582400237230335, 2.376552124402072, 2.0129580224137813, 2.762263564542674, 3.255764119219941, 1.6011246047700347, 3.3038765110094537, 0.6352952069707437, 0.26305892875931824, 0.2952964612046681, 0.7766595135579037, 0.6811754546370562, 0.44911023145771223, 0.9818350166906858, 1.1317243480636088, 1.0283968105745953, 1.59699718221417, 0.5035871324805669, 0.0]], "duration_limit": 12.5, "end_depot": 32, "horizon": [0, 17], "instance_name": "3.h", "profits": [0.0, 20.0, 20.0, 20.0, 20.0, 20.0, 20.0, 20.0, 30.0, 30.0, 30.0, 30.0, 30.0, 30.0, 40.0, 40.0, 40.0, 40.0, 40.0, 50.0, 50.0, 50.0, 10.0, 10.0, 10.0, 10.0, 10.0, 10.0, 20.0, 20.0, 20.0, 10.0, 0.0], "speed_zone_count": 4, "speed_zones": [[0, 2], [2, 10], [10, 12], [12, 17]], "start_depot": 0, "vehicle_count": 1}