{"capacity": 20, "cluster_count": 5, "cluster_speeds": [[0.5, 0.81, 0.5, 0.81], [0.67, 1.33, 0.88, 1.33], [0.88, 1.33, 0.67, 1.33], [0.85, 1.5, 0.85, 1.5], [1.0, 2.0, 1.0, 2.0]], "clusters": [[4, 4, 4, 4, 4, 4, 4, 4, 4, 4, 4, 4, 4, 4, 4, 4, 4, 4, 4, 4, 4, 4], [4, 4, 3, 2, 0, 1, 2, 4, 3, 2, 1, 4, 2, 3, 3, 1, 3, 1, 2, 3, 2, 4], [4, 3, 4, 3, 2, 4, 1, 0, 2, 3, 4, 2, 3, 2, 1, 3, 4, 3, 3, 2, 2, 4], [4, 1, 3, 4, 3, 2, 4, 3, 0, 1, 2, 1, 2, 4, 2, 0, 1, 2, 3, 1, 3, 4], [4, 0, 1, 3, 4, 3, 1, 4, 2, 4, 0, 1, 3, 2, 0, 4, 3, 3, 2, 1, 1, 4], [4, 2, 4, 1, 3, 4, 3, 2, 1, 1, 2, 3, 4, 0, 3, 2, 1, 2, 3, 1, 2, 4], [4, 1, 2, 4, 2, 3, 4, 3, 2, 2, 1, 3, 1, 4, 2, 3, 1, 1, 1, 2, 3, 4], [4, 4, 0, 3, 4, 1, 3, 4, 3, 2, 4, 2, 3, 1, 3, 0, 4, 3, 2, 2, 1, 4], [4, 3, 1, 0, 1, 2, 1, 3, 4, 1, 1, 3, 3, 2, 2, 4, 0, 2, 3, 3, 2, 4], [4, 1, 3, 2, 4, 2, 1, 1, 2, 4, 2, 2, 1, 1, 3, 3, 1, 1, 3, 3, 1, 4], [4, 2, 4, 1, 0, 1, 2, 4, 2, 1, 4, 3, 3, 2, 2, 1, 3, 3, 3, 2, 1, 4], [4, 4, 1, 2, 2, 3, 3, 1, 3, 1, 3, 4, 2, 1, 1, 3, 2, 1, 3, 2, 1, 4], [4, 1, 3, 1, 3, 4, 2, 3, 3, 2, 3, 1, 4, 2, 3, 4, 1, 3, 3, 3, 2, 4], [4, 3, 1, 4, 1, 0, 4, 2, 1, 2, 1, 2, 1, 4, 2, 3, 1, 4, 2, 3, 2, 4], [4, 3, 2, 1, 0, 3, 1, 3, 1, 3, 1, 2, 3, 1, 4, 0, 2, 3, 2, 4, 1, 4], [4, 2, 3, 0, 4, 1, 3, 0, 4, 3, 2, 3, 4, 3, 0, 4, 2, 4, 2, 3, 4, 4], [4, 3, 4, 2, 3, 2, 2, 4, 0, 2, 3, 1, 2, 2, 1, 1, 4, 1, 2, 1, 3, 4], [4, 2, 3, 1, 3, 1, 2, 3, 1, 2, 3, 2, 3, 4, 3, 4, 2, 4, 2, 1, 1, 4], [4, 1, 3, 3, 1, 3, 2, 1, 3, 3, 3, 3, 3, 1, 1, 1, 1, 1, 4, 3, 2, 4], [4, 3, 1, 2, 2, 2, 1, 1, 3, 3, 1, 1, 3, 3, 4, 3, 2, 2, 3, 4, 3, 4], [4, 1, 1, 3, 2, 1, 3, 2, 1, 2, 2, 2, 1, 1, 2, 4, 3, 2, 1, 3, 4, 4], [4, 4, 4, 4, 4, 4, 4, 4, 4, 4, 4, 4, 4, 4, 4, 4, 4, 4, 4, 4, 4, 4]], "dataset_name": "sun_et_al_2018", "demands": [0, 17, 19, 15, 15, 12, 15, 10, 18, 11, 18, -17, -19, -15, -15, -12, -15, -10, -18, -11, -18, 0], "digraph": {"arc_count": 420, "arcs": [[0, 1, 1, 1, 1, 1, 1, 1, 1, 1, 1, 1, 1, 1, 1, 1, 1, 1, 1, 1, 1, 0], [0, 0, 1, 1, 1, 1, 1, 1, 1, 1, 1, 1, 1, 1, 1, 1, 1, 1, 1, 1, 1, 1], [0, 1, 0, 1, 1, 1, 1, 1, 1, 1, 1, 1, 1, 1, 1, 1, 1, 1, 1, 1, 1, 1], [0, 1, 1, 0, 1, 1, 1, 1, 1, 1, 1, 1, 1, 1, 1, 1, 1, 1, 1, 1, 1, 1], [0, 1, 1, 1, 0, 1, 1, 1, 1, 1, 1, 1, 1, 1, 1, 1, 1, 1, 1, 1, 1, 1], [0, 1, 1, 1, 1, 0, 1, 1, 1, 1, 1, 1, 1, 1, 1, 1, 1, 1, 1, 1, 1, 1], [0, 1, 1, 1, 1, 1, 0, 1, 1, 1, 1, 1, 1, 1, 1, 1, 1, 1, 1, 1, 1, 1], [0, 1, 1, 1, 1, 1, 1, 0, 1, 1, 1, 1, 1, 1, 1, 1, 1, 1, 1, 1, 1, 1], [0, 1, 1, 1, 1, 1, 1, 1, 0, 1, 1, 1, 1, 1, 1, 1, 1, 1, 1, 1, 1, 1], [0, 1, 1, 1, 1, 1, 1, 1, 1, 0, 1, 1, 1, 1, 1, 1, 1, 1, 1, 1, 1, 1], [0, 1, 1, 1, 1, 1, 1, 1, 1, 1, 0, 1, 1, 1, 1, 1, 1, 1, 1, 1, 1, 1], [0, 1, 1, 1, 1, 1, 1, 1, 1, 1, 1, 0, 1, 1, 1, 1, 1, 1, 1, 1, 1, 1], [0, 1, 1, 1, 1, 1, 1, 1, 1, 1, 1, 1, 0, 1, 1, 1, 1, 1, 1, 1, 1, 1], [0, 1, 1, 1, 1, 1, 1, 1, 1, 1, 1, 1, 1, 0, 1, 1, 1, 1, 1, 1, 1, 1], [0, 1, 1, 1, 1, 1, 1, 1, 1, 1, 1, 1, 1, 1, 0, 1, 1, 1, 1, 1, 1, 1], [0, 1, 1, 1, 1, 1, 1, 1, 1, 1, 1, 1, 1, 1, 1, 0, 1, 1, 1, 1, 1, 1], [0, 1, 1, 1, 1, 1, 1, 1, 1, 1, 1, 1, 1, 1, 1, 1, 0, 1, 1, 1, 1, 1], [0, 1, 1, 1, 1, 1, 1, 1, 1, 1, 1, 1, 1, 1, 1, 1, 1, 0, 1, 1, 1, 1], [0, 1, 1, 1, 1, 1, 1, 1, 1, 1, 1, 1, 1, 1, 1, 1, 1, 1, 0, 1, 1, 1], [0, 1, 1, 1, 1, 1, 1, 1, 1, 1, 1, 1, 1, 1, 1, 1, 1, 1, 1, 0, 1, 1], [0, 1, 1, 1, 1, 1, 1, 1, 1, 1, 1, 1, 1, 1, 1, 1, 1, 1, 1, 1, 0, 1], [0, 0, 0, 0, 0, 0, 0, 0, 0, 0, 0, 0, 0, 0, 0, 0, 0, 0, 0, 0, 0, 0]], "coordinates": [[25.0, 25.0], [46.07, 49.15], [15.395, 23.92], [38.336, 13.008], [49.706, 28.635], [17.748, 22.292], [42.549, 29.924], [44.178, 9.661], [26.591, 36.243], [3.855, 9.895], [37.401, 26.569], [43.627, 19.724], [0.062, 49.145], [42.389, 13.101], [6.799, 22.468], [24.429, 6.787], [44.972, 41.699], [30.09, 18.098], [17.571, 39.599], [30.378, 32.49], [20.594, 9.692], [25.0, 25.0]], "vertex_count": 22}, "distances": [[0.0, 32.049452, 9.665528, 17.934797, 24.971978, 7.741109, 18.226716, 24.5577, 11.355013, 25.985997, 12.499862, 19.359786, 34.711452, 21.070442, 18.376273, 18.221949, 26.03339, 8.575879, 16.380502, 9.220791, 15.92946, 0.0], [32.049452, 0.0, 39.717862, 36.960234, 20.834724, 39.031882, 19.545754, 39.534299, 23.367116, 57.645999, 24.187871, 29.527237, 46.008, 36.236448, 47.47779, 47.570544, 7.531468, 34.922587, 30.056856, 22.886556, 46.967652, 32.049452], [9.665528, 39.717862, 0.0, 25.403961, 34.633451, 2.861292, 27.80985, 32.121335, 16.649527, 18.162385, 22.164865, 28.542113, 29.519511, 29.081382, 8.71777, 19.368863, 34.5093, 15.806287, 15.829277, 17.260799, 15.148122, 9.665528], [17.934797, 36.960234, 25.403961, 0.0, 19.325631, 22.584473, 17.43274, 6.732858, 26.034789, 34.621238, 13.593195, 8.549815, 52.638217, 4.054067, 32.925279, 15.235009, 29.448429, 9.690439, 33.738205, 21.044669, 18.049222, 17.934797], [24.971978, 20.834724, 34.633451, 19.325631, 0.0, 32.581397, 7.27215, 19.762881, 24.334849, 49.532836, 12.477235, 10.787037, 53.713935, 17.171012, 43.347924, 33.410505, 13.895282, 22.266922, 33.953903, 19.708694, 34.732489, 24.971978], [7.741109, 39.031882, 2.861292, 22.584473, 32.581397, 0.0, 25.948738, 29.293123, 16.517538, 18.61991, 20.113009, 26.006101, 32.153977, 26.299303, 10.950414, 16.883151, 33.433184, 13.035129, 17.307905, 16.233179, 12.917419, 7.741109], [18.226716, 19.545754, 27.80985, 17.43274, 7.27215, 25.948738, 0.0, 20.328375, 17.163552, 43.570477, 6.144748, 10.256807, 46.632521, 16.823761, 36.519234, 29.388011, 12.021712, 17.177921, 26.786305, 12.438553, 29.855583, 18.226716], [24.5577, 39.534299, 32.121335, 6.732858, 19.762881, 29.293123, 20.328375, 0.0, 31.873269, 40.323679, 18.215603, 10.078074, 59.204795, 3.877386, 39.512136, 19.957026, 32.047837, 16.421167, 40.052669, 26.675893, 23.58402, 24.5577], [11.355013, 23.367116, 16.649527, 26.034789, 24.334849, 16.517538, 17.163552, 31.873269, 0.0, 34.801477, 14.506632, 23.729784, 29.499991, 28.020153, 24.11377, 29.535236, 19.173656, 18.479286, 9.624091, 5.331639, 27.219839, 11.355013], [25.985997, 57.645999, 18.162385, 34.621238, 49.532836, 18.61991, 43.570477, 40.323679, 34.801477, 0.0, 37.461399, 40.968539, 39.432846, 38.667138, 12.913073, 20.80743, 51.981748, 27.487532, 32.717828, 34.842554, 16.740231, 25.985997], [12.499862, 24.187871, 22.164865, 13.593195, 12.477235, 20.113009, 6.144748, 18.215603, 14.506632, 37.461399, 0.0, 9.252951, 43.633436, 14.362004, 30.875566, 23.655873, 16.918538, 11.189663, 23.727828, 9.185901, 23.818236, 12.499862], [19.359786, 29.527237, 28.542113, 8.549815, 10.787037, 26.006101, 10.256807, 10.078074, 23.729784, 40.968539, 9.252951, 0.0, 52.569045, 6.737713, 36.930084, 23.150144, 22.016123, 13.634304, 32.770883, 18.398553, 25.1229, 19.359786], [34.711452, 46.008, 29.519511, 52.638217, 53.713935, 32.153977, 46.632521, 59.204795, 29.499991, 39.432846, 43.633436, 52.569045, 0.0, 55.594468, 27.514532, 48.866664, 45.523082, 43.192557, 19.942196, 34.589722, 44.475861, 34.711452], [21.070442, 36.236448, 29.081382, 4.054067, 17.171012, 26.299303, 16.823761, 3.877386, 28.020153, 38.667138, 14.362004, 6.737713, 55.594468, 0.0, 36.802022, 19.037547, 28.714413, 13.275369, 36.305332, 22.807837, 22.059993, 21.070442], [18.376273, 47.47779, 8.71777, 32.925279, 43.347924, 10.950414, 36.519234, 39.512136, 24.11377, 12.913073, 30.875566, 36.930084, 27.514532, 36.802022, 0.0, 23.594717, 42.743529, 23.697417, 20.236283, 25.620494, 18.802346, 18.376273], [18.221949, 47.570544, 19.368863, 15.235009, 33.410505, 16.883151, 29.388011, 19.957026, 29.535236, 20.80743, 23.655873, 23.150144, 48.866664, 19.037547, 23.594717, 0.0, 40.507562, 12.648543, 33.521031, 26.382472, 4.811055, 18.221949], [26.03339, 7.531468, 34.5093, 29.448429, 13.895282, 33.433184, 12.021712, 32.047837, 19.173656, 51.981748, 16.918538, 22.016123, 45.523082, 28.714413, 42.743529, 40.507562, 0.0, 27.901275, 27.481354, 17.256608, 40.233505, 26.03339], [8.575879, 34.922587, 15.806287, 9.690439, 22.266922, 13.035129, 17.177921, 16.421167, 18.479286, 27.487532, 11.189663, 13.634304, 43.192557, 13.275369, 23.697417, 12.648543, 27.901275, 0.0, 24.88008, 14.394881, 12.682068, 8.575879], [16.380502, 30.056856, 15.829277, 33.738205, 33.953903, 17.307905, 26.786305, 40.052669, 9.624091, 32.717828, 23.727828, 32.770883, 19.942196, 36.305332, 20.236283, 33.521031, 27.481354, 24.88008, 0.0, 14.647769, 30.059394, 16.380502], [9.220791, 22.886556, 17.260799, 21.044669, 19.708694, 16.233179, 12.438553, 26.675893, 5.331639, 34.842554, 9.185901, 18.398553, 34.589722, 22.807837, 25.620494, 26.382472, 17.256608, 14.394881, 14.647769, 0.0, 24.808778, 9.220791], [15.92946, 46.967652, 15.148122, 18.049222, 34.732489, 12.917419, 29.855583, 23.58402, 27.219839, 16.740231, 23.818236, 25.1229, 44.475861, 22.059993, 18.802346, 4.811055, 40.233505, 12.682068, 30.059394, 24.808778, 0.0, 15.92946], [0.0, 32.049452, 9.665528, 17.934797, 24.971978, 7.741109, 18.226716, 24.5577, 11.355013, 25.985997, 12.499862, 19.359786, 34.711452, 21.070442, 18.376273, 18.221949, 26.03339, 8.575879, 16.380502, 9.220791, 15.92946, 0.0]], "end_depot": 21, "horizon": [0.0, 840.0], "instance_name": "AA10", "profits": [0, 40, 40, 40, 40, 40, 40, 40, 40, 40, 40, 0, 0, 0, 0, 0, 0, 0, 0, 0, 0, 0], "requests": [[1, 11], [2, 12], [3, 13], [4, 14], [5, 15], [6, 16], [7, 17], [8, 18], [9, 19], [10, 20]], "speed_zone_count": 4, "speed_zones": [[0.0, 120.0], [120.0, 600.0], [600.0, 720.0], [720.0, 840.0]], "start_depot": 0, "time_windows": [[0.0, 840.0], [28.0, 88.0], [96.0, 156.0], [169.0, 229.0], [54.0, 114.0], [423.0, 483.0], [112.0, 172.0], [511.0, 571.0], [36.0, 96.0], [24.0, 84.0], [293.0, 353.0], [57.0, 117.0], [125.0, 185.0], [173.0, 233.0], [97.0, 157.0], [439.0, 499.0], [124.0, 184.0], [527.0, 587.0], [45.0, 105.0], [58.0, 118.0], [316.0, 376.0], [0.0, 840.0]], "vehicle_count": 20}