{"capacity": 20, "cluster_count": 5, "cluster_speeds": [[0.5, 0.81, 0.5, 0.81], [0.67, 1.33, 0.88, 1.33], [0.88, 1.33, 0.67, 1.33], [0.85, 1.5, 0.85, 1.5], [1.0, 2.0, 1.0, 2.0]], "clusters": [[4, 4, 4, 4, 4, 4, 4, 4, 4, 4, 4, 4, 4, 4, 4, 4, 4, 4, 4, 4, 4, 4, 4, 4, 4, 4, 4, 4, 4, 4, 4, 4], [4, 4, 3, 2, 0, 1, 2, 4, 3, 2, 1, 4, 2, 3, 3, 1, 3, 1, 2, 3, 2, 1, 2, 3, 3, 2, 1, 3, 2, 1, 2, 4], [4, 3, 4, 3, 2, 4, 1, 0, 2, 3, 4, 2, 3, 2, 1, 3, 4, 3, 3, 2, 2, 3, 3, 3, 2, 1, 1, 2, 3, 1, 3, 4], [4, 1, 3, 4, 3, 2, 4, 3, 0, 1, 2, 1, 2, 4, 2, 0, 1, 2, 3, 1, 3, 4, 2, 3, 2, 2, 3, 3, 2, 2, 1, 4], [4, 0, 1, 3, 4, 3, 1, 4, 2, 4, 0, 1, 3, 2, 0, 4, 3, 3, 2, 1, 1, 2, 4, 3, 1, 2, 3, 0, 1, 1, 2, 4], [4, 2, 4, 1, 3, 4, 3, 2, 1, 1, 2, 3, 4, 0, 3, 2, 1, 2, 3, 1, 2, 3, 2, 2, 3, 2, 1, 3, 3, 2, 2, 4], [4, 1, 2, 4, 2, 3, 4, 3, 2, 2, 1, 3, 1, 4, 2, 3, 1, 1, 1, 2, 3, 3, 2, 4, 0, 2, 2, 2, 3, 1, 2, 4], [4, 4, 0, 3, 4, 1, 3, 4, 3, 2, 4, 2, 3, 1, 3, 0, 4, 3, 2, 2, 1, 3, 2, 3, 1, 1, 3, 1, 2, 3, 2, 4], [4, 3, 1, 0, 1, 2, 1, 3, 4, 1, 1, 3, 3, 2, 2, 4, 0, 2, 3, 3, 2, 4, 0, 2, 2, 3, 1, 0, 1, 1, 3, 4], [4, 1, 3, 2, 4, 2, 1, 1, 2, 4, 2, 2, 1, 1, 3, 3, 1, 1, 3, 3, 1, 2, 2, 4, 0, 1, 1, 2, 3, 2, 1, 4], [4, 2, 4, 1, 0, 1, 2, 4, 2, 1, 4, 3, 3, 2, 2, 1, 3, 3, 3, 2, 1, 3, 3, 2, 2, 1, 1, 3, 2, 2, 2, 4], [4, 4, 1, 2, 2, 3, 3, 1, 3, 1, 3, 4, 2, 1, 1, 3, 2, 1, 3, 2, 1, 3, 4, 3, 1, 2, 2, 2, 1, 1, 3, 4], [4, 1, 3, 1, 3, 4, 2, 3, 3, 2, 3, 1, 4, 2, 3, 4, 1, 3, 3, 3, 2, 1, 2, 3, 3, 2, 1, 1, 2, 1, 2, 4], [4, 3, 1, 4, 1, 0, 4, 2, 1, 2, 1, 2, 1, 4, 2, 3, 1, 4, 2, 3, 2, 3, 2, 2, 0, 4, 3, 0, 1, 2, 3, 4], [4, 3, 2, 1, 0, 3, 1, 3, 1, 3, 1, 2, 3, 1, 4, 0, 2, 3, 2, 4, 1, 2, 2, 3, 3, 0, 1, 2, 0, 1, 1, 4], [4, 2, 3, 0, 4, 1, 3, 0, 4, 3, 2, 3, 4, 3, 0, 4, 2, 4, 2, 3, 4, 4, 2, 1, 2, 3, 3, 3, 3, 2, 1, 4], [4, 3, 4, 2, 3, 2, 2, 4, 0, 2, 3, 1, 2, 2, 1, 1, 4, 1, 2, 1, 3, 2, 2, 0, 1, 1, 2, 2, 1, 2, 1, 4], [4, 2, 3, 1, 3, 1, 2, 3, 1, 2, 3, 2, 3, 4, 3, 4, 2, 4, 2, 1, 1, 3, 2, 1, 2, 3, 1, 3, 1, 1, 2, 4], [4, 1, 3, 3, 1, 3, 2, 1, 3, 3, 3, 3, 3, 1, 1, 1, 1, 1, 4, 3, 2, 2, 3, 2, 1, 2, 3, 2, 3, 3, 1, 4], [4, 3, 1, 2, 2, 2, 1, 1, 3, 3, 1, 1, 3, 3, 4, 3, 2, 2, 3, 4, 3, 4, 2, 4, 0, 1, 1, 2, 3, 4, 2, 4], [4, 1, 1, 3, 2, 1, 3, 2, 1, 2, 2, 2, 1, 1, 2, 4, 3, 2, 1, 3, 4, 2, 3, 3, 1, 1, 3, 1, 0, 4, 2, 4], [4, 2, 3, 4, 1, 3, 3, 3, 4, 1, 3, 3, 1, 3, 1, 4, 1, 3, 1, 4, 1, 4, 3, 0, 1, 2, 2, 4, 1, 0, 2, 4], [4, 1, 3, 1, 4, 1, 1, 1, 0, 1, 3, 4, 3, 1, 1, 1, 1, 1, 3, 1, 3, 3, 4, 3, 0, 2, 1, 0, 4, 4, 3, 4], [4, 3, 3, 3, 3, 1, 4, 3, 1, 4, 1, 3, 3, 1, 3, 2, 0, 2, 1, 4, 3, 0, 3, 4, 2, 2, 3, 3, 2, 4, 0, 4], [4, 3, 1, 1, 2, 3, 0, 2, 1, 0, 1, 2, 1, 0, 3, 1, 2, 1, 2, 0, 2, 2, 0, 1, 4, 2, 3, 2, 3, 1, 1, 4], [4, 1, 2, 1, 1, 1, 1, 2, 3, 2, 2, 1, 1, 4, 0, 3, 2, 3, 1, 2, 2, 1, 1, 1, 1, 4, 1, 2, 2, 3, 1, 4], [4, 2, 2, 3, 3, 2, 1, 3, 2, 2, 2, 1, 2, 3, 2, 3, 1, 2, 3, 2, 3, 1, 2, 3, 3, 2, 4, 3, 3, 1, 1, 4], [4, 3, 1, 3, 0, 3, 1, 2, 0, 1, 3, 1, 2, 0, 1, 3, 1, 3, 1, 1, 2, 4, 0, 3, 1, 1, 3, 4, 1, 1, 2, 4], [4, 1, 3, 1, 2, 3, 3, 1, 2, 3, 1, 2, 1, 2, 0, 3, 2, 2, 3, 3, 0, 2, 4, 1, 3, 1, 3, 2, 4, 0, 3, 4], [4, 2, 2, 1, 2, 1, 2, 3, 2, 1, 1, 2, 2, 1, 2, 1, 1, 2, 3, 4, 4, 0, 4, 4, 2, 3, 2, 2, 0, 4, 2, 4], [4, 1, 3, 2, 1, 1, 1, 1, 3, 2, 1, 3, 1, 3, 2, 2, 2, 1, 2, 1, 1, 1, 2, 0, 2, 2, 2, 1, 3, 1, 4, 4], [4, 4, 4, 4, 4, 4, 4, 4, 4, 4, 4, 4, 4, 4, 4, 4, 4, 4, 4, 4, 4, 4, 4, 4, 4, 4, 4, 4, 4, 4, 4, 4]], "dataset_name": "sun_et_al_2018", "demands": [0, 17, 19, 15, 15, 12, 15, 10, 18, 11, 11, 18, 14, 15, 18, 11, -17, -19, -15, -15, -12, -15, -10, -18, -11, -12, -18, -14, -15, -18, -11, 0], "digraph": {"arc_count": 930, "arcs": [[0, 1, 1, 1, 1, 1, 1, 1, 1, 1, 1, 1, 1, 1, 1, 1, 1, 1, 1, 1, 1, 1, 1, 1, 1, 1, 1, 1, 1, 1, 1, 0], [0, 0, 1, 1, 1, 1, 1, 1, 1, 1, 1, 1, 1, 1, 1, 1, 1, 1, 1, 1, 1, 1, 1, 1, 1, 1, 1, 1, 1, 1, 1, 1], [0, 1, 0, 1, 1, 1, 1, 1, 1, 1, 1, 1, 1, 1, 1, 1, 1, 1, 1, 1, 1, 1, 1, 1, 1, 1, 1, 1, 1, 1, 1, 1], [0, 1, 1, 0, 1, 1, 1, 1, 1, 1, 1, 1, 1, 1, 1, 1, 1, 1, 1, 1, 1, 1, 1, 1, 1, 1, 1, 1, 1, 1, 1, 1], [0, 1, 1, 1, 0, 1, 1, 1, 1, 1, 1, 1, 1, 1, 1, 1, 1, 1, 1, 1, 1, 1, 1, 1, 1, 1, 1, 1, 1, 1, 1, 1], [0, 1, 1, 1, 1, 0, 1, 1, 1, 1, 1, 1, 1, 1, 1, 1, 1, 1, 1, 1, 1, 1, 1, 1, 1, 1, 1, 1, 1, 1, 1, 1], [0, 1, 1, 1, 1, 1, 0, 1, 1, 1, 1, 1, 1, 1, 1, 1, 1, 1, 1, 1, 1, 1, 1, 1, 1, 1, 1, 1, 1, 1, 1, 1], [0, 1, 1, 1, 1, 1, 1, 0, 1, 1, 1, 1, 1, 1, 1, 1, 1, 1, 1, 1, 1, 1, 1, 1, 1, 1, 1, 1, 1, 1, 1, 1], [0, 1, 1, 1, 1, 1, 1, 1, 0, 1, 1, 1, 1, 1, 1, 1, 1, 1, 1, 1, 1, 1, 1, 1, 1, 1, 1, 1, 1, 1, 1, 1], [0, 1, 1, 1, 1, 1, 1, 1, 1, 0, 1, 1, 1, 1, 1, 1, 1, 1, 1, 1, 1, 1, 1, 1, 1, 1, 1, 1, 1, 1, 1, 1], [0, 1, 1, 1, 1, 1, 1, 1, 1, 1, 0, 1, 1, 1, 1, 1, 1, 1, 1, 1, 1, 1, 1, 1, 1, 1, 1, 1, 1, 1, 1, 1], [0, 1, 1, 1, 1, 1, 1, 1, 1, 1, 1, 0, 1, 1, 1, 1, 1, 1, 1, 1, 1, 1, 1, 1, 1, 1, 1, 1, 1, 1, 1, 1], [0, 1, 1, 1, 1, 1, 1, 1, 1, 1, 1, 1, 0, 1, 1, 1, 1, 1, 1, 1, 1, 1, 1, 1, 1, 1, 1, 1, 1, 1, 1, 1], [0, 1, 1, 1, 1, 1, 1, 1, 1, 1, 1, 1, 1, 0, 1, 1, 1, 1, 1, 1, 1, 1, 1, 1, 1, 1, 1, 1, 1, 1, 1, 1], [0, 1, 1, 1, 1, 1, 1, 1, 1, 1, 1, 1, 1, 1, 0, 1, 1, 1, 1, 1, 1, 1, 1, 1, 1, 1, 1, 1, 1, 1, 1, 1], [0, 1, 1, 1, 1, 1, 1, 1, 1, 1, 1, 1, 1, 1, 1, 0, 1, 1, 1, 1, 1, 1, 1, 1, 1, 1, 1, 1, 1, 1, 1, 1], [0, 1, 1, 1, 1, 1, 1, 1, 1, 1, 1, 1, 1, 1, 1, 1, 0, 1, 1, 1, 1, 1, 1, 1, 1, 1, 1, 1, 1, 1, 1, 1], [0, 1, 1, 1, 1, 1, 1, 1, 1, 1, 1, 1, 1, 1, 1, 1, 1, 0, 1, 1, 1, 1, 1, 1, 1, 1, 1, 1, 1, 1, 1, 1], [0, 1, 1, 1, 1, 1, 1, 1, 1, 1, 1, 1, 1, 1, 1, 1, 1, 1, 0, 1, 1, 1, 1, 1, 1, 1, 1, 1, 1, 1, 1, 1], [0, 1, 1, 1, 1, 1, 1, 1, 1, 1, 1, 1, 1, 1, 1, 1, 1, 1, 1, 0, 1, 1, 1, 1, 1, 1, 1, 1, 1, 1, 1, 1], [0, 1, 1, 1, 1, 1, 1, 1, 1, 1, 1, 1, 1, 1, 1, 1, 1, 1, 1, 1, 0, 1, 1, 1, 1, 1, 1, 1, 1, 1, 1, 1], [0, 1, 1, 1, 1, 1, 1, 1, 1, 1, 1, 1, 1, 1, 1, 1, 1, 1, 1, 1, 1, 0, 1, 1, 1, 1, 1, 1, 1, 1, 1, 1], [0, 1, 1, 1, 1, 1, 1, 1, 1, 1, 1, 1, 1, 1, 1, 1, 1, 1, 1, 1, 1, 1, 0, 1, 1, 1, 1, 1, 1, 1, 1, 1], [0, 1, 1, 1, 1, 1, 1, 1, 1, 1, 1, 1, 1, 1, 1, 1, 1, 1, 1, 1, 1, 1, 1, 0, 1, 1, 1, 1, 1, 1, 1, 1], [0, 1, 1, 1, 1, 1, 1, 1, 1, 1, 1, 1, 1, 1, 1, 1, 1, 1, 1, 1, 1, 1, 1, 1, 0, 1, 1, 1, 1, 1, 1, 1], [0, 1, 1, 1, 1, 1, 1, 1, 1, 1, 1, 1, 1, 1, 1, 1, 1, 1, 1, 1, 1, 1, 1, 1, 1, 0, 1, 1, 1, 1, 1, 1], [0, 1, 1, 1, 1, 1, 1, 1, 1, 1, 1, 1, 1, 1, 1, 1, 1, 1, 1, 1, 1, 1, 1, 1, 1, 1, 0, 1, 1, 1, 1, 1], [0, 1, 1, 1, 1, 1, 1, 1, 1, 1, 1, 1, 1, 1, 1, 1, 1, 1, 1, 1, 1, 1, 1, 1, 1, 1, 1, 0, 1, 1, 1, 1], [0, 1, 1, 1, 1, 1, 1, 1, 1, 1, 1, 1, 1, 1, 1, 1, 1, 1, 1, 1, 1, 1, 1, 1, 1, 1, 1, 1, 0, 1, 1, 1], [0, 1, 1, 1, 1, 1, 1, 1, 1, 1, 1, 1, 1, 1, 1, 1, 1, 1, 1, 1, 1, 1, 1, 1, 1, 1, 1, 1, 1, 0, 1, 1], [0, 1, 1, 1, 1, 1, 1, 1, 1, 1, 1, 1, 1, 1, 1, 1, 1, 1, 1, 1, 1, 1, 1, 1, 1, 1, 1, 1, 1, 1, 0, 1], [0, 0, 0, 0, 0, 0, 0, 0, 0, 0, 0, 0, 0, 0, 0, 0, 0, 0, 0, 0, 0, 0, 0, 0, 0, 0, 0, 0, 0, 0, 0, 0]], "coordinates": [[25.0, 25.0], [46.07, 49.15], [15.395, 23.92], [38.336, 13.008], [49.706, 28.635], [17.748, 22.292], [42.549, 29.924], [44.178, 9.661], [26.591, 36.243], [3.855, 9.895], [37.401, 26.569], [45.989, 20.442], [35.511, 15.228], [39.026, 12.034], [28.364, 23.084], [40.399, 46.524], [43.627, 19.724], [0.062, 49.145], [42.389, 13.101], [6.799, 22.468], [24.429, 6.787], [44.972, 41.699], [30.09, 18.098], [17.571, 39.599], [30.378, 32.49], [20.594, 9.692], [19.93, 25.913], [5.808, 45.172], [0.497, 25.269], [43.952, 38.259], [13.843, 16.968], [25.0, 25.0]], "vertex_count": 32}, "distances": [[0.0, 32.049452, 9.665528, 17.934797, 24.971978, 7.741109, 18.226716, 24.5577, 11.355013, 25.985997, 12.499862, 21.47821, 14.351763, 19.100938, 3.871376, 26.465294, 19.359786, 34.711452, 21.070442, 18.376273, 18.221949, 26.03339, 8.575879, 16.380502, 9.220791, 15.92946, 5.15155, 27.843176, 24.504477, 23.129621, 13.747424, 0.0], [32.049452, 0.0, 39.717862, 36.960234, 20.834724, 39.031882, 19.545754, 39.534299, 23.367116, 57.645999, 24.187871, 28.708114, 35.527378, 37.778504, 31.510931, 6.249489, 29.527237, 46.008, 36.236448, 47.47779, 47.570544, 7.531468, 34.922587, 30.056856, 22.886556, 46.967652, 34.975102, 40.458042, 51.450952, 11.095035, 45.544052, 32.049452], [9.665528, 39.717862, 0.0, 25.403961, 34.633451, 2.861292, 27.80985, 32.121335, 16.649527, 18.162385, 22.164865, 30.791059, 21.913565, 26.451865, 12.995917, 33.706688, 28.542113, 29.519511, 29.081382, 8.71777, 19.368863, 34.5093, 15.806287, 15.829277, 17.260799, 15.148122, 4.953612, 23.314332, 14.958951, 31.954799, 7.123132, 9.665528], [17.934797, 36.960234, 25.403961, 0.0, 19.325631, 22.584473, 17.43274, 6.732858, 26.034789, 34.621238, 13.593195, 10.669244, 3.592913, 1.19364, 14.176267, 33.579432, 8.549815, 52.638217, 4.054067, 32.925279, 15.235009, 29.448429, 9.690439, 33.738205, 21.044669, 18.049222, 22.479321, 45.744876, 39.775898, 25.867981, 24.811059, 17.934797], [24.971978, 20.834724, 34.633451, 19.325631, 0.0, 32.581397, 7.27215, 19.762881, 24.334849, 49.532836, 12.477235, 8.99674, 19.525513, 19.739696, 22.052088, 20.165232, 10.787037, 53.713935, 17.171012, 43.347924, 33.410505, 13.895282, 22.266922, 33.953903, 19.708694, 34.732489, 29.900158, 46.90956, 49.323986, 11.212934, 37.713044, 24.971978], [7.741109, 39.031882, 2.861292, 22.584473, 32.581397, 0.0, 25.948738, 29.293123, 16.517538, 18.61991, 20.113009, 28.30153, 19.116073, 23.621597, 10.645502, 33.170132, 26.006101, 32.153977, 26.299303, 10.950414, 16.883151, 33.433184, 13.035129, 17.307905, 16.233179, 12.917419, 4.227619, 25.8081, 17.505986, 30.685415, 6.602575, 7.741109], [18.226716, 19.545754, 27.80985, 17.43274, 7.27215, 25.948738, 0.0, 20.328375, 17.163552, 43.570477, 6.144748, 10.08672, 16.294351, 18.233585, 15.74801, 16.738653, 10.256807, 46.632521, 16.823761, 36.519234, 29.388011, 12.021712, 17.177921, 26.786305, 12.438553, 29.855583, 22.97188, 39.779424, 42.308861, 8.452256, 31.494323, 18.226716], [24.5577, 39.534299, 32.121335, 6.732858, 19.762881, 29.293123, 20.328375, 0.0, 31.873269, 40.323679, 18.215603, 10.932048, 10.300892, 5.672234, 20.742698, 37.056195, 10.078074, 59.204795, 3.877386, 39.512136, 19.957026, 32.047837, 16.421167, 40.052669, 26.675893, 23.58402, 29.190632, 52.280857, 46.385767, 28.598893, 31.202636, 24.5577], [11.355013, 23.367116, 16.649527, 26.034789, 24.334849, 16.517538, 17.163552, 31.873269, 0.0, 34.801477, 14.506632, 25.019073, 22.829731, 27.215894, 13.277907, 17.215105, 23.729784, 29.499991, 28.020153, 24.11377, 29.535236, 19.173656, 18.479286, 9.624091, 5.331639, 27.219839, 12.291372, 22.619906, 28.307694, 17.477659, 23.109243, 11.355013], [25.985997, 57.645999, 18.162385, 34.621238, 49.532836, 18.61991, 43.570477, 40.323679, 34.801477, 0.0, 37.461399, 43.434009, 32.102075, 35.235984, 27.83237, 51.741159, 40.968539, 39.432846, 38.667138, 12.913073, 20.80743, 51.981748, 27.487532, 32.717828, 34.842554, 16.740231, 22.693214, 35.331019, 15.736456, 49.115027, 12.238769, 25.985997], [12.499862, 24.187871, 22.164865, 13.593195, 12.477235, 20.113009, 6.144748, 18.215603, 14.506632, 37.461399, 0.0, 10.549591, 11.497408, 14.625555, 9.68569, 20.17895, 9.252951, 43.633436, 14.362004, 30.875566, 23.655873, 16.918538, 11.189663, 23.727828, 9.185901, 23.818236, 17.483311, 36.663187, 36.92689, 13.400437, 25.439311, 12.499862], [21.47821, 28.708114, 30.791059, 10.669244, 8.99674, 28.30153, 10.08672, 10.932048, 25.019073, 43.434009, 10.549591, 0.0, 11.703601, 10.91686, 17.821919, 26.67431, 2.468718, 54.158578, 8.176202, 39.242334, 25.520435, 21.281314, 16.07086, 34.272049, 19.719473, 27.576594, 26.627116, 47.181412, 45.747371, 17.933066, 32.333172, 21.47821], [14.351763, 35.527378, 21.913565, 3.592913, 19.525513, 19.116073, 16.294351, 10.300892, 22.829731, 32.102075, 11.497408, 11.703601, 0.0, 4.749406, 10.620562, 31.675419, 9.278118, 49.06113, 7.199376, 29.61075, 13.930585, 28.11093, 6.133852, 30.26201, 18.009007, 15.911134, 18.892771, 42.177142, 36.425292, 24.529114, 21.737751, 14.351763], [19.100938, 37.778504, 26.451865, 1.19364, 19.739696, 23.621597, 18.233585, 5.672234, 27.215894, 35.235984, 14.625555, 10.91686, 4.749406, 0.0, 15.355154, 34.517318, 8.961323, 53.809103, 3.528209, 33.874, 15.511396, 30.255035, 10.799268, 34.930592, 22.208914, 18.580193, 23.60686, 46.920812, 40.738791, 26.68363, 25.661797, 19.100938], [3.871376, 31.510931, 12.995917, 14.176267, 22.052088, 10.645502, 15.74801, 20.742698, 13.277907, 27.83237, 9.68569, 17.821919, 10.620562, 15.355154, 0.0, 26.349095, 15.62846, 38.473094, 17.215136, 21.573796, 16.765334, 24.946821, 5.276293, 19.729016, 9.619201, 15.482847, 8.895819, 31.56981, 27.95253, 21.754686, 15.756424, 3.871376], [26.465294, 6.249489, 33.706688, 33.579432, 20.165232, 33.170132, 16.738653, 37.056195, 17.215105, 51.741159, 20.17895, 26.67431, 31.675419, 34.517318, 26.349095, 0.0, 26.993703, 40.422063, 33.48219, 41.323736, 42.826044, 6.647778, 30.237608, 23.855255, 17.244524, 41.819066, 29.04812, 34.617412, 45.210006, 8.996334, 39.733843, 26.465294], [19.359786, 29.527237, 28.542113, 8.549815, 10.787037, 26.006101, 10.256807, 10.078074, 23.729784, 40.968539, 9.252951, 2.468718, 9.278118, 8.961323, 15.62846, 26.993703, 0.0, 52.569045, 6.737713, 36.930084, 23.150144, 22.016123, 13.634304, 32.770883, 18.398553, 25.1229, 24.491867, 45.583741, 43.484985, 18.537849, 29.911239, 19.359786], [34.711452, 46.008, 29.519511, 52.638217, 53.713935, 32.153977, 46.632521, 59.204795, 29.499991, 39.432846, 43.633436, 54.158578, 49.06113, 53.809103, 38.473094, 40.422063, 52.569045, 0.0, 55.594468, 27.514532, 48.866664, 45.523082, 43.192557, 19.942196, 34.589722, 44.475861, 30.568992, 6.985789, 23.879962, 45.219875, 35.003932, 34.711452], [21.070442, 36.236448, 29.081382, 4.054067, 17.171012, 26.299303, 16.823761, 3.877386, 28.020153, 38.667138, 14.362004, 8.176202, 7.199376, 3.528209, 17.215136, 33.48219, 6.737713, 55.594468, 0.0, 36.802022, 19.037547, 28.714413, 13.275369, 36.305332, 22.807837, 22.059993, 25.856412, 48.648932, 43.623387, 25.206506, 28.806732, 21.070442], [18.376273, 47.47779, 8.71777, 32.925279, 43.347924, 10.950414, 36.519234, 39.512136, 24.11377, 12.913073, 30.875566, 39.242334, 29.61075, 33.874, 21.573796, 41.323736, 36.930084, 27.514532, 36.802022, 0.0, 23.594717, 42.743529, 23.697417, 20.236283, 25.620494, 18.802346, 13.575389, 22.725618, 6.896434, 40.369556, 8.936886, 18.376273], [18.221949, 47.570544, 19.368863, 15.235009, 33.410505, 16.883151, 29.388011, 19.957026, 29.535236, 20.80743, 23.655873, 25.520435, 13.930585, 15.511396, 16.765334, 42.826044, 23.150144, 48.866664, 19.037547, 23.594717, 0.0, 40.507562, 12.648543, 33.521031, 26.382472, 4.811055, 19.648025, 42.663214, 30.237807, 37.035582, 14.687279, 18.221949], [26.03339, 7.531468, 34.5093, 29.448429, 13.895282, 33.433184, 12.021712, 32.047837, 19.173656, 51.981748, 16.918538, 21.281314, 28.11093, 30.255035, 24.946821, 6.647778, 22.016123, 45.523082, 28.714413, 42.743529, 40.507562, 0.0, 27.901275, 27.481354, 17.256608, 40.233505, 29.602357, 39.317688, 47.412768, 3.588036, 39.757226, 26.03339], [8.575879, 34.922587, 15.806287, 9.690439, 22.266922, 13.035129, 17.177921, 16.421167, 18.479286, 27.487532, 11.189663, 16.07086, 6.133852, 10.799268, 5.276293, 30.237608, 13.634304, 43.192557, 13.275369, 23.697417, 12.648543, 27.901275, 0.0, 24.88008, 14.394881, 12.682068, 12.817949, 36.367802, 30.449448, 24.466732, 16.286249, 8.575879], [16.380502, 30.056856, 15.829277, 33.738205, 33.953903, 17.307905, 26.786305, 40.052669, 9.624091, 32.717828, 23.727828, 34.272049, 30.26201, 34.930592, 19.729016, 23.855255, 32.770883, 19.942196, 36.305332, 20.236283, 33.521031, 27.481354, 24.88008, 0.0, 14.647769, 30.059394, 13.887818, 13.016393, 22.290589, 26.41501, 22.936001, 16.380502], [9.220791, 22.886556, 17.260799, 21.044669, 19.708694, 16.233179, 12.438553, 26.675893, 5.331639, 34.842554, 9.185901, 19.719473, 18.009007, 22.208914, 9.619201, 17.244524, 18.398553, 34.589722, 22.807837, 25.620494, 26.382472, 17.256608, 14.394881, 14.647769, 0.0, 24.808778, 12.345754, 27.649919, 30.741129, 14.749062, 22.679037, 9.220791], [15.92946, 46.967652, 15.148122, 18.049222, 34.732489, 12.917419, 29.855583, 23.58402, 27.219839, 16.740231, 23.818236, 27.576594, 15.911134, 18.580193, 15.482847, 41.819066, 25.1229, 44.475861, 22.059993, 18.802346, 4.811055, 40.233505, 12.682068, 30.059394, 24.808778, 0.0, 16.234585, 38.437692, 25.427, 36.900808, 9.925532, 15.92946], [5.15155, 34.975102, 4.953612, 22.479321, 29.900158, 4.227619, 22.97188, 29.190632, 12.291372, 22.693214, 17.483311, 26.627116, 18.892771, 23.60686, 8.895819, 29.04812, 24.491867, 30.568992, 25.856412, 13.575389, 19.648025, 29.602357, 12.817949, 13.887818, 12.345754, 16.234585, 0.0, 23.881791, 19.443668, 27.008891, 10.819639, 5.15155], [27.843176, 40.458042, 23.314332, 45.744876, 46.90956, 25.8081, 39.779424, 52.280857, 22.619906, 35.331019, 36.663187, 47.181412, 42.177142, 46.920812, 31.56981, 34.617412, 45.583741, 6.985789, 48.648932, 22.725618, 42.663214, 39.317688, 36.367802, 13.016393, 27.649919, 38.437692, 23.881791, 0.0, 20.599421, 38.765375, 29.326214, 27.843176], [24.504477, 51.450952, 14.958951, 39.775898, 49.323986, 17.505986, 42.308861, 46.385767, 28.307694, 15.736456, 36.92689, 45.747371, 36.425292, 40.738791, 27.95253, 45.210006, 43.484985, 23.879962, 43.623387, 6.896434, 30.237807, 47.412768, 30.449448, 22.290589, 30.741129, 25.427, 19.443668, 20.599421, 0.0, 45.355012, 15.716944, 24.504477], [23.129621, 11.095035, 31.954799, 25.867981, 11.212934, 30.685415, 8.452256, 28.598893, 17.477659, 49.115027, 13.400437, 17.933066, 24.529114, 26.68363, 21.754686, 8.996334, 18.537849, 45.219875, 25.206506, 40.369556, 37.035582, 3.588036, 24.466732, 26.41501, 14.749062, 36.900808, 27.008891, 38.765375, 45.355012, 0.0, 36.87626, 23.129621], [13.747424, 45.544052, 7.123132, 24.811059, 37.713044, 6.602575, 31.494323, 31.202636, 23.109243, 12.238769, 25.439311, 32.333172, 21.737751, 25.661797, 15.756424, 39.733843, 29.911239, 35.003932, 28.806732, 8.936886, 14.687279, 39.757226, 16.286249, 22.936001, 22.679037, 9.925532, 10.819639, 29.326214, 15.716944, 36.87626, 0.0, 13.747424], [0.0, 32.049452, 9.665528, 17.934797, 24.971978, 7.741109, 18.226716, 24.5577, 11.355013, 25.985997, 12.499862, 21.47821, 14.351763, 19.100938, 3.871376, 26.465294, 19.359786, 34.711452, 21.070442, 18.376273, 18.221949, 26.03339, 8.575879, 16.380502, 9.220791, 15.92946, 5.15155, 27.843176, 24.504477, 23.129621, 13.747424, 0.0]], "end_depot": 31, "horizon": [0.0, 840.0], "instance_name": "AA15", "profits": [0, 40, 40, 40, 40, 40, 40, 40, 40, 40, 40, 40, 40, 40, 40, 40, 0, 0, 0, 0, 0, 0, 0, 0, 0, 0, 0, 0, 0, 0, 0, 0], "requests": [[1, 16], [2, 17], [3, 18], [4, 19], [5, 20], [6, 21], [7, 22], [8, 23], [9, 24], [10, 25], [11, 26], [12, 27], [13, 28], [14, 29], [15, 30]], "speed_zone_count": 4, "speed_zones": [[0.0, 120.0], [120.0, 600.0], [600.0, 720.0], [720.0, 840.0]], "start_depot": 0, "time_windows": [[0.0, 840.0], [28.0, 88.0], [96.0, 156.0], [169.0, 219.0], [54.0, 114.0], [423.0, 483.0], [112.0, 172.0], [511.0, 571.0], [36.0, 96.0], [24.0, 84.0], [293.0, 353.0], [402.0, 462.0], [496.0, 556.0], [477.0, 537.0], [299.0, 359.0], [267.0, 327.0], [57.0, 117.0], [125.0, 185.0], [173.0, 233.0], [97.0, 157.0], [439.0, 499.0], [124.0, 184.0], [527.0, 587.0], [45.0, 105.0], [58.0, 118.0], [316.0, 376.0], [428.0, 488.0], [538.0, 598.0], [517.0, 577.0], [320.0, 380.0], [306.0, 366.0], [0.0, 840.0]], "vehicle_count": 30}