{"capacity": 15, "cluster_count": 5, "cluster_speeds": [[0.5, 0.81, 0.5, 0.81], [0.67, 1.33, 0.88, 1.33], [0.88, 1.33, 0.67, 1.33], [0.85, 1.5, 0.85, 1.5], [1.0, 2.0, 1.0, 2.0]], "clusters": [[1, 3, 3, 0, 3, 4, 0, 1, 3, 0, 1, 3, 3, 3, 0, 3, 0, 1, 0, 0, 2, 1, 1, 2, 4, 4, 1, 2, 0, 3, 4, 1, 2, 2, 2, 3, 4, 2, 3, 1, 0, 1, 4, 3, 0, 3, 1, 3, 4, 2, 4, 4, 0, 3, 0, 1, 4, 0, 2, 0, 3, 2], [0, 0, 3, 0, 1, 3, 1, 4, 4, 4, 2, 1, 0, 4, 4, 2, 2, 2, 0, 0, 2, 4, 2, 2, 0, 2, 4, 3, 3, 2, 4, 4, 2, 4, 3, 4, 2, 3, 3, 4, 2, 2, 1, 2, 0, 1, 1, 3, 3, 0, 2, 4, 1, 3, 4, 0, 0, 1, 3, 2, 3, 2], [4, 2, 3, 4, 1, 2, 0, 1, 2, 2, 0, 0, 3, 3, 4, 2, 4, 0, 2, 3, 3, 3, 2, 3, 3, 3, 2, 2, 2, 3, 3, 3, 4, 2, 0, 1, 3, 0, 0, 4, 3, 4, 4, 1, 4, 2, 3, 4, 3, 4, 2, 1, 1, 0, 3, 0, 3, 1, 1, 2, 3, 0], [4, 3, 3, 1, 3, 2, 1, 0, 1, 0, 1, 4, 4, 0, 4, 1, 3, 3, 3, 1, 4, 4, 1, 0, 2, 2, 3, 4, 4, 3, 1, 4, 1, 0, 3, 2, 0, 4, 1, 3, 0, 1, 4, 1, 4, 2, 0, 0, 3, 3, 4, 0, 0, 1, 0, 4, 4, 4, 0, 4, 3, 0], [2, 2, 1, 4, 1, 1, 1, 1, 0, 0, 0, 2, 3, 3, 2, 2, 0, 0, 4, 0, 3, 0, 4, 4, 2, 4, 4, 1, 4, 2, 4, 4, 3, 1, 0, 3, 4, 4, 4, 4, 1, 0, 0, 1, 2, 2, 3, 1, 1, 3, 0, 2, 0, 0, 2, 3, 4, 2, 2, 0, 0, 1], [0, 1, 4, 3, 0, 3, 2, 1, 4, 4, 3, 2, 3, 2, 2, 3, 0, 3, 4, 2, 2, 4, 1, 3, 2, 3, 2, 1, 1, 3, 0, 2, 4, 2, 3, 2, 4, 4, 0, 0, 3, 2, 0, 3, 2, 1, 4, 4, 2, 0, 1, 2, 4, 0, 2, 1, 4, 0, 2, 3, 2, 0], [0, 1, 2, 2, 3, 2, 4, 3, 3, 0, 3, 0, 4, 0, 2, 1, 3, 0, 4, 0, 0, 2, 0, 4, 1, 4, 4, 2, 2, 3, 3, 3, 1, 4, 2, 1, 3, 3, 1, 0, 0, 1, 2, 3, 3, 0, 0, 1, 4, 4, 3, 0, 1, 4, 2, 2, 0, 1, 2, 2, 3, 4], [3, 4, 0, 0, 2, 1, 2, 0, 2, 3, 1, 4, 0, 4, 1, 1, 1, 3, 2, 2, 2, 2, 4, 4, 1, 3, 1, 3, 0, 2, 3, 3, 3, 3, 3, 2, 3, 1, 3, 4, 4, 2, 4, 0, 3, 0, 3, 1, 2, 4, 4, 0, 0, 2, 3, 1, 1, 4, 3, 2, 0, 4], [1, 2, 1, 0, 1, 0, 1, 1, 4, 2, 4, 0, 2, 0, 0, 3, 4, 4, 4, 0, 2, 0, 0, 4, 0, 2, 4, 0, 1, 1, 4, 2, 1, 4, 4, 3, 2, 1, 0, 3, 4, 3, 2, 3, 4, 1, 0, 1, 0, 2, 3, 0, 3, 2, 2, 1, 4, 4, 0, 3, 1, 3], [3, 1, 4, 2, 2, 2, 0, 4, 3, 4, 3, 2, 0, 4, 3, 3, 1, 3, 3, 0, 0, 3, 4, 2, 3, 3, 2, 4, 0, 3, 4, 1, 3, 2, 2, 4, 4, 3, 3, 2, 3, 3, 3, 4, 0, 0, 4, 4, 2, 4, 2, 4, 4, 0, 2, 1, 3, 2, 0, 3, 4, 3], [1, 4, 1, 0, 0, 4, 4, 4, 2, 2, 3, 2, 2, 0, 4, 0, 1, 3, 2, 1, 3, 4, 2, 0, 3, 3, 2, 3, 0, 1, 2, 3, 2, 0, 2, 2, 3, 0, 0, 1, 0, 3, 2, 3, 0, 0, 3, 2, 2, 4, 1, 1, 3, 0, 1, 3, 3, 0, 0, 2, 1, 4], [3, 1, 2, 4, 0, 1, 1, 1, 4, 2, 2, 2, 0, 1, 3, 3, 2, 2, 4, 0, 2, 4, 3, 4, 4, 4, 3, 3, 4, 3, 4, 3, 1, 2, 1, 1, 1, 0, 4, 0, 1, 2, 0, 2, 2, 2, 4, 2, 3, 4, 2, 3, 0, 3, 3, 4, 4, 1, 3, 0, 0, 4], [3, 4, 1, 1, 0, 0, 4, 4, 0, 4, 3, 4, 2, 0, 3, 3, 1, 3, 2, 2, 2, 3, 1, 4, 0, 0, 4, 3, 0, 0, 3, 1, 0, 4, 0, 0, 0, 1, 3, 0, 1, 2, 1, 4, 4, 2, 2, 0, 1, 1, 2, 3, 4, 1, 1, 1, 0, 1, 1, 4, 1, 3], [0, 4, 4, 0, 3, 1, 4, 4, 3, 0, 3, 3, 2, 4, 4, 0, 3, 3, 0, 0, 0, 3, 1, 4, 0, 3, 2, 2, 3, 4, 0, 0, 4, 1, 2, 2, 2, 2, 2, 0, 3, 3, 3, 2, 1, 4, 4, 2, 2, 4, 0, 0, 4, 0, 2, 2, 4, 3, 3, 2, 4, 2], [3, 2, 4, 1, 2, 0, 4, 1, 4, 4, 0, 2, 0, 1, 3, 2, 3, 0, 2, 4, 1, 3, 0, 2, 1, 1, 3, 0, 2, 4, 4, 1, 3, 2, 4, 2, 0, 0, 2, 0, 2, 1, 3, 1, 3, 2, 1, 0, 2, 4, 0, 1, 0, 3, 2, 1, 0, 1, 0, 3, 3, 1], [0, 2, 2, 1, 2, 0, 1, 2, 1, 1, 1, 4, 0, 1, 0, 1, 2, 0, 1, 0, 2, 1, 4, 0, 2, 2, 1, 2, 2, 4, 4, 4, 0, 1, 1, 2, 1, 1, 2, 3, 0, 3, 3, 0, 3, 3, 3, 4, 4, 0, 2, 1, 0, 4, 4, 0, 4, 4, 3, 3, 2, 3], [4, 1, 2, 2, 4, 2, 3, 3, 0, 3, 4, 0, 3, 3, 2, 1, 4, 2, 4, 1, 0, 1, 1, 0, 3, 0, 2, 2, 3, 2, 2, 3, 2, 3, 0, 0, 3, 4, 2, 0, 2, 1, 0, 0, 4, 3, 3, 2, 0, 1, 4, 0, 0, 2, 0, 1, 0, 0, 4, 2, 2, 3], [2, 1, 2, 1, 0, 2, 2, 2, 0, 4, 1, 2, 4, 4, 1, 3, 2, 0, 2, 0, 4, 3, 1, 1, 0, 2, 2, 4, 2, 4, 4, 4, 1, 3, 4, 3, 0, 1, 1, 0, 0, 0, 1, 2, 4, 1, 0, 0, 0, 1, 1, 4, 2, 2, 1, 2, 3, 2, 3, 4, 0, 4], [1, 4, 2, 3, 1, 2, 1, 1, 2, 3, 1, 0, 2, 4, 3, 2, 1, 3, 1, 4, 2, 1, 0, 4, 2, 0, 0, 3, 4, 0, 2, 1, 1, 3, 4, 0, 2, 1, 2, 1, 3, 4, 4, 3, 3, 0, 2, 1, 2, 0, 2, 1, 2, 0, 3, 4, 3, 3, 0, 1, 4, 0], [1, 2, 1, 0, 1, 2, 2, 1, 3, 3, 3, 2, 0, 3, 2, 3, 4, 1, 0, 1, 0, 1, 2, 1, 2, 3, 3, 4, 2, 2, 1, 1, 3, 2, 2, 0, 2, 1, 4, 4, 0, 0, 2, 3, 4, 3, 4, 4, 0, 1, 3, 3, 4, 1, 4, 0, 4, 3, 1, 1, 0, 0], [0, 4, 2, 3, 2, 0, 4, 4, 3, 2, 1, 4, 1, 0, 1, 0, 0, 2, 4, 3, 0, 0, 1, 1, 3, 2, 0, 2, 0, 4, 4, 1, 0, 3, 4, 2, 0, 4, 4, 0, 4, 2, 1, 4, 1, 2, 1, 1, 3, 4, 1, 0, 0, 0, 0, 3, 4, 1, 0, 4, 4, 2], [2, 2, 3, 1, 2, 1, 1, 2, 1, 4, 4, 4, 0, 4, 4, 0, 3, 2, 2, 2, 1, 1, 2, 2, 4, 1, 4, 3, 2, 2, 4, 4, 4, 2, 0, 1, 4, 1, 2, 4, 2, 0, 1, 3, 0, 3, 2, 4, 4, 1, 1, 2, 0, 3, 1, 4, 2, 0, 1, 2, 1, 2], [2, 0, 1, 0, 0, 0, 1, 0, 4, 2, 4, 1, 4, 2, 1, 3, 3, 0, 3, 2, 1, 4, 1, 3, 4, 0, 0, 0, 4, 2, 2, 2, 3, 0, 2, 1, 3, 1, 2, 2, 4, 3, 4, 3, 0, 2, 4, 2, 1, 1, 1, 4, 1, 0, 3, 4, 4, 3, 1, 3, 4, 4], [2, 1, 0, 3, 1, 4, 4, 0, 2, 4, 0, 4, 4, 2, 4, 0, 3, 2, 4, 3, 0, 4, 4, 0, 1, 3, 3, 2, 4, 0, 0, 0, 3, 1, 4, 0, 4, 2, 3, 3, 2, 3, 0, 0, 2, 0, 3, 4, 2, 2, 2, 3, 3, 0, 3, 3, 0, 2, 1, 2, 4, 1], [2, 1, 4, 1, 1, 4, 1, 3, 1, 2, 1, 1, 2, 0, 4, 0, 2, 4, 4, 1, 4, 1, 0, 2, 4, 2, 1, 0, 1, 1, 4, 1, 4, 4, 3, 0, 3, 3, 3, 0, 0, 4, 2, 0, 4, 2, 4, 2, 4, 0, 0, 4, 0, 4, 2, 2, 3, 3, 1, 2, 2, 2], [4, 1, 3, 3, 1, 4, 0, 0, 3, 0, 0, 1, 4, 4, 2, 0, 1, 0, 2, 0, 0, 4, 3, 3, 3, 2, 2, 0, 1, 1, 4, 3, 2, 2, 4, 1, 1, 2, 3, 3, 4, 4, 3, 0, 0, 4, 2, 3, 3, 2, 2, 3, 1, 1, 0, 4, 0, 4, 4, 1, 0, 1], [3, 1, 0, 3, 3, 1, 1, 1, 4, 2, 0, 1, 0, 0, 3, 3, 4, 4, 4, 3, 2, 4, 4, 3, 0, 4, 3, 4, 3, 1, 4, 2, 3, 2, 0, 4, 2, 2, 3, 0, 3, 1, 0, 0, 0, 1, 2, 3, 2, 2, 4, 1, 3, 0, 4, 2, 4, 0, 1, 2, 3, 3], [0, 2, 4, 3, 4, 4, 3, 2, 3, 1, 1, 4, 3, 3, 2, 2, 1, 0, 2, 4, 2, 1, 2, 0, 0, 1, 3, 3, 0, 0, 2, 3, 0, 2, 4, 4, 4, 2, 3, 2, 0, 2, 3, 3, 0, 4, 3, 3, 4, 2, 1, 1, 0, 0, 4, 0, 4, 0, 1, 3, 1, 1], [1, 3, 2, 1, 0, 4, 1, 3, 0, 0, 4, 3, 4, 2, 3, 4, 4, 2, 1, 0, 4, 0, 2, 1, 3, 4, 0, 1, 1, 2, 2, 2, 2, 0, 3, 3, 3, 3, 1, 3, 2, 0, 4, 2, 4, 0, 4, 2, 4, 4, 2, 2, 1, 1, 2, 0, 1, 3, 1, 0, 3, 1], [1, 2, 0, 4, 4, 0, 0, 3, 0, 0, 2, 0, 3, 4, 0, 2, 2, 0, 1, 3, 0, 4, 0, 4, 1, 3, 4, 1, 4, 0, 4, 0, 0, 0, 0, 3, 0, 1, 4, 4, 1, 3, 3, 4, 4, 4, 1, 3, 1, 3, 1, 4, 0, 2, 2, 2, 3, 0, 4, 3, 1, 2], [4, 0, 3, 1, 0, 0, 4, 2, 0, 3, 3, 4, 0, 3, 1, 4, 1, 3, 3, 1, 1, 1, 3, 2, 3, 3, 4, 1, 3, 2, 0, 3, 4, 0, 2, 0, 1, 0, 2, 0, 2, 2, 3, 0, 3, 0, 2, 0, 0, 1, 0, 0, 2, 0, 3, 3, 1, 2, 4, 4, 2, 0], [0, 2, 3, 4, 3, 0, 4, 4, 0, 4, 1, 2, 3, 2, 4, 0, 3, 1, 3, 1, 1, 0, 2, 1, 0, 1, 1, 2, 1, 1, 4, 1, 3, 0, 3, 4, 0, 0, 2, 3, 1, 1, 1, 2, 3, 3, 2, 4, 2, 3, 1, 3, 0, 1, 4, 0, 0, 2, 1, 3, 0, 4], [0, 3, 1, 4, 1, 3, 1, 3, 4, 1, 2, 3, 2, 2, 3, 1, 0, 0, 3, 2, 3, 0, 1, 4, 3, 1, 4, 0, 2, 1, 2, 0, 3, 3, 2, 4, 2, 4, 2, 4, 3, 1, 0, 1, 2, 1, 1, 3, 2, 2, 4, 1, 4, 4, 3, 4, 4, 0, 3, 0, 3, 0], [2, 1, 2, 2, 4, 0, 3, 4, 3, 1, 3, 1, 1, 1, 2, 2, 1, 4, 3, 3, 1, 4, 1, 0, 0, 2, 4, 3, 4, 2, 1, 0, 1, 3, 1, 2, 0, 3, 0, 4, 2, 0, 4, 4, 4, 1, 4, 2, 2, 3, 1, 2, 2, 4, 0, 1, 4, 3, 3, 3, 2, 3], [2, 3, 1, 3, 0, 1, 2, 2, 2, 0, 1, 3, 2, 0, 1, 4, 0, 3, 3, 3, 0, 1, 1, 3, 4, 4, 2, 4, 2, 2, 0, 3, 1, 2, 2, 0, 4, 4, 4, 3, 4, 0, 4, 3, 1, 2, 3, 3, 3, 2, 1, 1, 0, 1, 1, 1, 1, 3, 4, 2, 4, 3], [3, 4, 1, 2, 1, 0, 2, 1, 0, 2, 2, 3, 2, 4, 0, 0, 2, 2, 0, 1, 1, 4, 2, 1, 1, 0, 2, 4, 4, 3, 4, 4, 4, 3, 2, 4, 1, 3, 1, 3, 3, 1, 3, 0, 4, 0, 3, 0, 4, 0, 2, 0, 3, 1, 1, 1, 2, 4, 1, 2, 4, 3], [0, 0, 0, 0, 4, 0, 0, 0, 4, 4, 3, 3, 1, 3, 0, 2, 1, 2, 2, 2, 2, 0, 0, 4, 0, 0, 1, 4, 4, 3, 1, 2, 2, 0, 1, 1, 2, 2, 3, 1, 1, 2, 3, 1, 0, 1, 2, 0, 2, 2, 1, 4, 0, 2, 4, 1, 1, 4, 2, 4, 1, 2], [2, 3, 4, 1, 2, 4, 3, 2, 0, 4, 4, 2, 0, 1, 4, 4, 0, 0, 2, 4, 2, 3, 4, 4, 0, 4, 0, 2, 0, 2, 1, 4, 2, 4, 1, 3, 0, 3, 1, 4, 2, 0, 1, 2, 2, 2, 3, 2, 2, 0, 0, 4, 2, 0, 1, 3, 2, 4, 1, 1, 0, 2], [1, 3, 4, 2, 1, 4, 0, 0, 0, 4, 2, 0, 4, 2, 4, 1, 3, 3, 3, 0, 4, 4, 3, 3, 0, 4, 0, 2, 0, 4, 2, 3, 1, 0, 2, 2, 4, 1, 4, 1, 0, 3, 2, 4, 2, 4, 3, 4, 0, 1, 1, 1, 1, 1, 3, 3, 0, 4, 2, 0, 3, 3], [4, 4, 0, 4, 0, 4, 4, 3, 4, 0, 3, 3, 1, 0, 3, 1, 2, 1, 3, 0, 3, 0, 0, 3, 2, 2, 0, 2, 4, 1, 0, 2, 1, 1, 1, 4, 3, 1, 3, 0, 4, 3, 1, 3, 0, 3, 1, 1, 1, 2, 4, 0, 1, 3, 4, 0, 2, 1, 3, 0, 3, 4], [1, 2, 1, 0, 3, 3, 1, 3, 2, 0, 0, 3, 0, 4, 1, 2, 2, 1, 0, 2, 4, 1, 3, 3, 3, 4, 1, 0, 3, 3, 3, 4, 4, 4, 0, 2, 2, 0, 2, 0, 2, 2, 4, 1, 4, 2, 4, 4, 1, 1, 0, 2, 4, 2, 2, 2, 4, 0, 2, 2, 4, 1], [4, 0, 0, 3, 0, 0, 1, 1, 1, 1, 3, 2, 1, 1, 0, 1, 0, 0, 2, 3, 0, 2, 3, 4, 4, 3, 3, 0, 3, 2, 2, 3, 4, 4, 2, 2, 2, 0, 1, 0, 2, 4, 1, 4, 0, 2, 0, 0, 0, 1, 3, 1, 0, 2, 1, 2, 2, 2, 2, 2, 1, 4], [0, 1, 1, 3, 0, 0, 4, 0, 4, 0, 3, 0, 2, 3, 3, 2, 1, 1, 0, 4, 3, 3, 0, 1, 0, 3, 4, 2, 1, 0, 3, 2, 4, 0, 3, 0, 2, 0, 3, 3, 4, 2, 3, 0, 1, 3, 2, 4, 1, 4, 0, 3, 3, 0, 3, 4, 4, 3, 3, 0, 0, 1], [1, 0, 3, 2, 0, 3, 1, 1, 0, 4, 0, 3, 4, 3, 4, 1, 1, 3, 0, 1, 4, 0, 1, 3, 0, 0, 2, 3, 3, 1, 1, 0, 4, 2, 2, 2, 4, 1, 1, 4, 3, 1, 2, 3, 4, 4, 4, 4, 4, 4, 4, 3, 3, 1, 2, 3, 1, 2, 3, 4, 2, 0], [1, 1, 4, 0, 3, 3, 4, 3, 3, 1, 2, 0, 1, 1, 2, 4, 0, 4, 3, 4, 3, 4, 3, 2, 3, 2, 0, 4, 1, 2, 0, 3, 2, 4, 4, 3, 2, 4, 1, 4, 0, 1, 3, 1, 4, 4, 4, 4, 1, 1, 4, 1, 4, 4, 0, 1, 3, 3, 0, 4, 0, 4], [3, 0, 1, 3, 2, 0, 3, 3, 4, 1, 0, 1, 2, 3, 3, 3, 1, 1, 2, 4, 2, 2, 0, 2, 1, 3, 3, 3, 1, 4, 3, 2, 2, 2, 1, 3, 1, 4, 3, 1, 0, 4, 1, 4, 3, 0, 1, 0, 1, 1, 4, 4, 1, 4, 4, 2, 2, 0, 1, 2, 3, 4], [3, 2, 0, 4, 2, 2, 0, 3, 3, 2, 3, 2, 2, 1, 0, 1, 3, 0, 1, 1, 4, 3, 4, 0, 3, 1, 0, 2, 4, 0, 0, 2, 0, 4, 1, 0, 4, 0, 0, 3, 4, 0, 1, 4, 4, 2, 4, 1, 2, 0, 3, 0, 3, 4, 3, 2, 4, 1, 4, 2, 3, 4], [1, 1, 2, 3, 4, 4, 0, 0, 0, 4, 3, 2, 4, 4, 0, 4, 2, 4, 2, 0, 3, 4, 3, 2, 2, 3, 2, 3, 4, 1, 1, 1, 4, 4, 0, 3, 4, 4, 2, 0, 4, 4, 0, 4, 4, 1, 0, 3, 0, 0, 1, 4, 3, 2, 4, 0, 4, 0, 1, 0, 3, 1], [3, 3, 1, 3, 0, 0, 4, 1, 4, 1, 0, 0, 0, 4, 2, 4, 4, 2, 2, 4, 2, 0, 0, 4, 1, 4, 2, 0, 0, 2, 1, 1, 3, 0, 4, 0, 3, 3, 0, 2, 0, 1, 1, 0, 0, 2, 1, 1, 1, 0, 3, 2, 2, 0, 1, 1, 0, 1, 3, 0, 1, 3], [0, 0, 2, 4, 4, 3, 0, 2, 2, 2, 1, 0, 0, 2, 1, 4, 0, 0, 1, 4, 4, 4, 0, 0, 2, 4, 2, 3, 1, 3, 0, 1, 3, 4, 4, 1, 3, 3, 2, 4, 4, 4, 4, 4, 0, 4, 2, 4, 4, 2, 0, 1, 1, 4, 2, 3, 4, 3, 4, 3, 2, 4], [4, 1, 0, 4, 4, 3, 1, 0, 1, 0, 1, 2, 2, 0, 0, 2, 4, 3, 4, 0, 3, 3, 2, 1, 0, 3, 2, 1, 4, 3, 3, 1, 3, 4, 1, 1, 3, 2, 2, 4, 3, 0, 0, 3, 1, 0, 3, 0, 1, 4, 0, 0, 0, 4, 0, 4, 3, 2, 4, 4, 1, 0], [2, 1, 2, 3, 0, 2, 4, 2, 1, 1, 2, 3, 0, 0, 4, 1, 1, 0, 4, 1, 2, 1, 1, 1, 3, 2, 4, 3, 3, 2, 1, 4, 3, 3, 2, 0, 3, 4, 4, 3, 4, 3, 2, 1, 4, 1, 4, 0, 1, 1, 3, 0, 2, 0, 1, 4, 4, 0, 0, 2, 0, 1], [4, 0, 0, 0, 4, 2, 0, 2, 1, 3, 3, 3, 4, 4, 3, 4, 3, 4, 3, 2, 0, 4, 4, 4, 0, 0, 4, 4, 3, 4, 1, 1, 1, 3, 3, 2, 1, 0, 4, 2, 1, 3, 0, 3, 0, 2, 0, 3, 0, 1, 4, 4, 1, 1, 0, 0, 2, 4, 3, 4, 0, 4], [4, 0, 4, 1, 3, 3, 3, 0, 4, 2, 1, 1, 0, 2, 4, 4, 1, 1, 2, 4, 3, 2, 1, 3, 1, 2, 3, 2, 3, 3, 0, 3, 2, 1, 4, 3, 2, 2, 1, 2, 4, 3, 4, 2, 0, 2, 0, 3, 3, 0, 3, 4, 3, 1, 0, 4, 0, 3, 0, 0, 1, 2], [1, 1, 3, 2, 2, 2, 0, 0, 0, 1, 4, 1, 0, 4, 1, 2, 4, 2, 3, 0, 1, 4, 2, 0, 1, 2, 1, 3, 0, 3, 3, 2, 1, 2, 1, 0, 4, 3, 0, 2, 0, 0, 2, 2, 0, 0, 1, 3, 1, 1, 4, 3, 2, 2, 2, 3, 1, 3, 2, 1, 2, 3], [4, 2, 0, 2, 2, 3, 4, 2, 3, 1, 2, 0, 1, 1, 4, 0, 4, 0, 2, 2, 1, 4, 2, 4, 4, 4, 4, 2, 1, 2, 2, 4, 0, 2, 0, 4, 0, 1, 4, 2, 1, 3, 2, 4, 0, 1, 3, 0, 2, 1, 3, 1, 3, 3, 0, 1, 2, 0, 4, 4, 1, 0], [3, 0, 1, 3, 1, 4, 3, 4, 3, 2, 1, 3, 4, 2, 0, 1, 3, 0, 0, 0, 0, 3, 1, 4, 3, 4, 0, 4, 0, 4, 3, 2, 4, 4, 0, 4, 1, 2, 4, 4, 1, 3, 4, 1, 1, 2, 0, 4, 2, 1, 0, 4, 2, 0, 4, 3, 0, 2, 3, 1, 3, 0], [3, 0, 0, 1, 2, 3, 2, 4, 3, 1, 1, 1, 1, 1, 0, 1, 1, 4, 2, 3, 1, 2, 0, 1, 1, 4, 0, 1, 2, 1, 1, 2, 3, 2, 0, 2, 4, 2, 2, 4, 4, 3, 3, 0, 0, 4, 1, 0, 3, 2, 3, 4, 0, 2, 1, 4, 4, 0, 3, 2, 2, 4], [2, 3, 1, 1, 3, 2, 4, 1, 0, 1, 4, 4, 2, 2, 3, 4, 0, 4, 3, 1, 1, 1, 1, 3, 3, 4, 3, 3, 0, 4, 3, 4, 1, 3, 1, 0, 2, 2, 2, 2, 4, 3, 1, 0, 3, 1, 1, 0, 4, 3, 0, 4, 0, 3, 0, 2, 4, 0, 4, 4, 2, 2], [4, 4, 3, 4, 3, 1, 1, 1, 0, 0, 3, 3, 3, 1, 1, 2, 0, 2, 3, 1, 0, 2, 2, 3, 1, 2, 3, 4, 4, 4, 2, 3, 4, 4, 1, 3, 0, 4, 0, 2, 1, 2, 1, 0, 2, 4, 4, 1, 3, 4, 2, 1, 3, 3, 3, 1, 2, 1, 3, 0, 1, 1], [2, 4, 2, 2, 0, 4, 0, 2, 4, 2, 2, 0, 2, 2, 3, 3, 3, 0, 3, 0, 1, 4, 1, 3, 1, 3, 0, 3, 4, 4, 2, 4, 3, 1, 0, 3, 0, 0, 2, 1, 2, 2, 0, 1, 1, 3, 4, 1, 2, 4, 3, 3, 2, 3, 3, 0, 3, 4, 2, 1, 4, 1], [1, 2, 1, 4, 2, 0, 0, 0, 3, 4, 3, 2, 1, 3, 1, 4, 3, 3, 4, 4, 4, 2, 1, 0, 2, 1, 1, 1, 3, 0, 3, 2, 1, 2, 4, 2, 4, 2, 0, 1, 1, 4, 4, 1, 3, 3, 2, 3, 0, 1, 4, 2, 0, 0, 4, 0, 4, 4, 2, 4, 0, 3]], "dataset_name": "sun_et_al_2018", "demands": [0, 7, 9, 15, 5, 12, 5, 10, 8, 11, 12, 8, 14, 15, 8, 11, 11, 5, 11, 7, 10, 13, 10, 10, 14, 10, 13, 6, 8, 9, 11, -7, -9, -15, -5, -12, -5, -10, -8, -11, -12, -8, -14, -15, -8, -11, -11, -5, -11, -7, -10, -13, -10, -10, -14, -10, -13, -6, -8, -9, -11, 0], "digraph": {"arc_count": 3660, "arcs": [[0, 1, 1, 1, 1, 1, 1, 1, 1, 1, 1, 1, 1, 1, 1, 1, 1, 1, 1, 1, 1, 1, 1, 1, 1, 1, 1, 1, 1, 1, 1, 1, 1, 1, 1, 1, 1, 1, 1, 1, 1, 1, 1, 1, 1, 1, 1, 1, 1, 1, 1, 1, 1, 1, 1, 1, 1, 1, 1, 1, 1, 0], [0, 0, 1, 1, 1, 1, 1, 1, 1, 1, 1, 1, 1, 1, 1, 1, 1, 1, 1, 1, 1, 1, 1, 1, 1, 1, 1, 1, 1, 1, 1, 1, 1, 1, 1, 1, 1, 1, 1, 1, 1, 1, 1, 1, 1, 1, 1, 1, 1, 1, 1, 1, 1, 1, 1, 1, 1, 1, 1, 1, 1, 1], [0, 1, 0, 1, 1, 1, 1, 1, 1, 1, 1, 1, 1, 1, 1, 1, 1, 1, 1, 1, 1, 1, 1, 1, 1, 1, 1, 1, 1, 1, 1, 1, 1, 1, 1, 1, 1, 1, 1, 1, 1, 1, 1, 1, 1, 1, 1, 1, 1, 1, 1, 1, 1, 1, 1, 1, 1, 1, 1, 1, 1, 1], [0, 1, 1, 0, 1, 1, 1, 1, 1, 1, 1, 1, 1, 1, 1, 1, 1, 1, 1, 1, 1, 1, 1, 1, 1, 1, 1, 1, 1, 1, 1, 1, 1, 1, 1, 1, 1, 1, 1, 1, 1, 1, 1, 1, 1, 1, 1, 1, 1, 1, 1, 1, 1, 1, 1, 1, 1, 1, 1, 1, 1, 1], [0, 1, 1, 1, 0, 1, 1, 1, 1, 1, 1, 1, 1, 1, 1, 1, 1, 1, 1, 1, 1, 1, 1, 1, 1, 1, 1, 1, 1, 1, 1, 1, 1, 1, 1, 1, 1, 1, 1, 1, 1, 1, 1, 1, 1, 1, 1, 1, 1, 1, 1, 1, 1, 1, 1, 1, 1, 1, 1, 1, 1, 1], [0, 1, 1, 1, 1, 0, 1, 1, 1, 1, 1, 1, 1, 1, 1, 1, 1, 1, 1, 1, 1, 1, 1, 1, 1, 1, 1, 1, 1, 1, 1, 1, 1, 1, 1, 1, 1, 1, 1, 1, 1, 1, 1, 1, 1, 1, 1, 1, 1, 1, 1, 1, 1, 1, 1, 1, 1, 1, 1, 1, 1, 1], [0, 1, 1, 1, 1, 1, 0, 1, 1, 1, 1, 1, 1, 1, 1, 1, 1, 1, 1, 1, 1, 1, 1, 1, 1, 1, 1, 1, 1, 1, 1, 1, 1, 1, 1, 1, 1, 1, 1, 1, 1, 1, 1, 1, 1, 1, 1, 1, 1, 1, 1, 1, 1, 1, 1, 1, 1, 1, 1, 1, 1, 1], [0, 1, 1, 1, 1, 1, 1, 0, 1, 1, 1, 1, 1, 1, 1, 1, 1, 1, 1, 1, 1, 1, 1, 1, 1, 1, 1, 1, 1, 1, 1, 1, 1, 1, 1, 1, 1, 1, 1, 1, 1, 1, 1, 1, 1, 1, 1, 1, 1, 1, 1, 1, 1, 1, 1, 1, 1, 1, 1, 1, 1, 1], [0, 1, 1, 1, 1, 1, 1, 1, 0, 1, 1, 1, 1, 1, 1, 1, 1, 1, 1, 1, 1, 1, 1, 1, 1, 1, 1, 1, 1, 1, 1, 1, 1, 1, 1, 1, 1, 1, 1, 1, 1, 1, 1, 1, 1, 1, 1, 1, 1, 1, 1, 1, 1, 1, 1, 1, 1, 1, 1, 1, 1, 1], [0, 1, 1, 1, 1, 1, 1, 1, 1, 0, 1, 1, 1, 1, 1, 1, 1, 1, 1, 1, 1, 1, 1, 1, 1, 1, 1, 1, 1, 1, 1, 1, 1, 1, 1, 1, 1, 1, 1, 1, 1, 1, 1, 1, 1, 1, 1, 1, 1, 1, 1, 1, 1, 1, 1, 1, 1, 1, 1, 1, 1, 1], [0, 1, 1, 1, 1, 1, 1, 1, 1, 1, 0, 1, 1, 1, 1, 1, 1, 1, 1, 1, 1, 1, 1, 1, 1, 1, 1, 1, 1, 1, 1, 1, 1, 1, 1, 1, 1, 1, 1, 1, 1, 1, 1, 1, 1, 1, 1, 1, 1, 1, 1, 1, 1, 1, 1, 1, 1, 1, 1, 1, 1, 1], [0, 1, 1, 1, 1, 1, 1, 1, 1, 1, 1, 0, 1, 1, 1, 1, 1, 1, 1, 1, 1, 1, 1, 1, 1, 1, 1, 1, 1, 1, 1, 1, 1, 1, 1, 1, 1, 1, 1, 1, 1, 1, 1, 1, 1, 1, 1, 1, 1, 1, 1, 1, 1, 1, 1, 1, 1, 1, 1, 1, 1, 1], [0, 1, 1, 1, 1, 1, 1, 1, 1, 1, 1, 1, 0, 1, 1, 1, 1, 1, 1, 1, 1, 1, 1, 1, 1, 1, 1, 1, 1, 1, 1, 1, 1, 1, 1, 1, 1, 1, 1, 1, 1, 1, 1, 1, 1, 1, 1, 1, 1, 1, 1, 1, 1, 1, 1, 1, 1, 1, 1, 1, 1, 1], [0, 1, 1, 1, 1, 1, 1, 1, 1, 1, 1, 1, 1, 0, 1, 1, 1, 1, 1, 1, 1, 1, 1, 1, 1, 1, 1, 1, 1, 1, 1, 1, 1, 1, 1, 1, 1, 1, 1, 1, 1, 1, 1, 1, 1, 1, 1, 1, 1, 1, 1, 1, 1, 1, 1, 1, 1, 1, 1, 1, 1, 1], [0, 1, 1, 1, 1, 1, 1, 1, 1, 1, 1, 1, 1, 1, 0, 1, 1, 1, 1, 1, 1, 1, 1, 1, 1, 1, 1, 1, 1, 1, 1, 1, 1, 1, 1, 1, 1, 1, 1, 1, 1, 1, 1, 1, 1, 1, 1, 1, 1, 1, 1, 1, 1, 1, 1, 1, 1, 1, 1, 1, 1, 1], [0, 1, 1, 1, 1, 1, 1, 1, 1, 1, 1, 1, 1, 1, 1, 0, 1, 1, 1, 1, 1, 1, 1, 1, 1, 1, 1, 1, 1, 1, 1, 1, 1, 1, 1, 1, 1, 1, 1, 1, 1, 1, 1, 1, 1, 1, 1, 1, 1, 1, 1, 1, 1, 1, 1, 1, 1, 1, 1, 1, 1, 1], [0, 1, 1, 1, 1, 1, 1, 1, 1, 1, 1, 1, 1, 1, 1, 1, 0, 1, 1, 1, 1, 1, 1, 1, 1, 1, 1, 1, 1, 1, 1, 1, 1, 1, 1, 1, 1, 1, 1, 1, 1, 1, 1, 1, 1, 1, 1, 1, 1, 1, 1, 1, 1, 1, 1, 1, 1, 1, 1, 1, 1, 1], [0, 1, 1, 1, 1, 1, 1, 1, 1, 1, 1, 1, 1, 1, 1, 1, 1, 0, 1, 1, 1, 1, 1, 1, 1, 1, 1, 1, 1, 1, 1, 1, 1, 1, 1, 1, 1, 1, 1, 1, 1, 1, 1, 1, 1, 1, 1, 1, 1, 1, 1, 1, 1, 1, 1, 1, 1, 1, 1, 1, 1, 1], [0, 1, 1, 1, 1, 1, 1, 1, 1, 1, 1, 1, 1, 1, 1, 1, 1, 1, 0, 1, 1, 1, 1, 1, 1, 1, 1, 1, 1, 1, 1, 1, 1, 1, 1, 1, 1, 1, 1, 1, 1, 1, 1, 1, 1, 1, 1, 1, 1, 1, 1, 1, 1, 1, 1, 1, 1, 1, 1, 1, 1, 1], [0, 1, 1, 1, 1, 1, 1, 1, 1, 1, 1, 1, 1, 1, 1, 1, 1, 1, 1, 0, 1, 1, 1, 1, 1, 1, 1, 1, 1, 1, 1, 1, 1, 1, 1, 1, 1, 1, 1, 1, 1, 1, 1, 1, 1, 1, 1, 1, 1, 1, 1, 1, 1, 1, 1, 1, 1, 1, 1, 1, 1, 1], [0, 1, 1, 1, 1, 1, 1, 1, 1, 1, 1, 1, 1, 1, 1, 1, 1, 1, 1, 1, 0, 1, 1, 1, 1, 1, 1, 1, 1, 1, 1, 1, 1, 1, 1, 1, 1, 1, 1, 1, 1, 1, 1, 1, 1, 1, 1, 1, 1, 1, 1, 1, 1, 1, 1, 1, 1, 1, 1, 1, 1, 1], [0, 1, 1, 1, 1, 1, 1, 1, 1, 1, 1, 1, 1, 1, 1, 1, 1, 1, 1, 1, 1, 0, 1, 1, 1, 1, 1, 1, 1, 1, 1, 1, 1, 1, 1, 1, 1, 1, 1, 1, 1, 1, 1, 1, 1, 1, 1, 1, 1, 1, 1, 1, 1, 1, 1, 1, 1, 1, 1, 1, 1, 1], [0, 1, 1, 1, 1, 1, 1, 1, 1, 1, 1, 1, 1, 1, 1, 1, 1, 1, 1, 1, 1, 1, 0, 1, 1, 1, 1, 1, 1, 1, 1, 1, 1, 1, 1, 1, 1, 1, 1, 1, 1, 1, 1, 1, 1, 1, 1, 1, 1, 1, 1, 1, 1, 1, 1, 1, 1, 1, 1, 1, 1, 1], [0, 1, 1, 1, 1, 1, 1, 1, 1, 1, 1, 1, 1, 1, 1, 1, 1, 1, 1, 1, 1, 1, 1, 0, 1, 1, 1, 1, 1, 1, 1, 1, 1, 1, 1, 1, 1, 1, 1, 1, 1, 1, 1, 1, 1, 1, 1, 1, 1, 1, 1, 1, 1, 1, 1, 1, 1, 1, 1, 1, 1, 1], [0, 1, 1, 1, 1, 1, 1, 1, 1, 1, 1, 1, 1, 1, 1, 1, 1, 1, 1, 1, 1, 1, 1, 1, 0, 1, 1, 1, 1, 1, 1, 1, 1, 1, 1, 1, 1, 1, 1, 1, 1, 1, 1, 1, 1, 1, 1, 1, 1, 1, 1, 1, 1, 1, 1, 1, 1, 1, 1, 1, 1, 1], [0, 1, 1, 1, 1, 1, 1, 1, 1, 1, 1, 1, 1, 1, 1, 1, 1, 1, 1, 1, 1, 1, 1, 1, 1, 0, 1, 1, 1, 1, 1, 1, 1, 1, 1, 1, 1, 1, 1, 1, 1, 1, 1, 1, 1, 1, 1, 1, 1, 1, 1, 1, 1, 1, 1, 1, 1, 1, 1, 1, 1, 1], [0, 1, 1, 1, 1, 1, 1, 1, 1, 1, 1, 1, 1, 1, 1, 1, 1, 1, 1, 1, 1, 1, 1, 1, 1, 1, 0, 1, 1, 1, 1, 1, 1, 1, 1, 1, 1, 1, 1, 1, 1, 1, 1, 1, 1, 1, 1, 1, 1, 1, 1, 1, 1, 1, 1, 1, 1, 1, 1, 1, 1, 1], [0, 1, 1, 1, 1, 1, 1, 1, 1, 1, 1, 1, 1, 1, 1, 1, 1, 1, 1, 1, 1, 1, 1, 1, 1, 1, 1, 0, 1, 1, 1, 1, 1, 1, 1, 1, 1, 1, 1, 1, 1, 1, 1, 1, 1, 1, 1, 1, 1, 1, 1, 1, 1, 1, 1, 1, 1, 1, 1, 1, 1, 1], [0, 1, 1, 1, 1, 1, 1, 1, 1, 1, 1, 1, 1, 1, 1, 1, 1, 1, 1, 1, 1, 1, 1, 1, 1, 1, 1, 1, 0, 1, 1, 1, 1, 1, 1, 1, 1, 1, 1, 1, 1, 1, 1, 1, 1, 1, 1, 1, 1, 1, 1, 1, 1, 1, 1, 1, 1, 1, 1, 1, 1, 1], [0, 1, 1, 1, 1, 1, 1, 1, 1, 1, 1, 1, 1, 1, 1, 1, 1, 1, 1, 1, 1, 1, 1, 1, 1, 1, 1, 1, 1, 0, 1, 1, 1, 1, 1, 1, 1, 1, 1, 1, 1, 1, 1, 1, 1, 1, 1, 1, 1, 1, 1, 1, 1, 1, 1, 1, 1, 1, 1, 1, 1, 1], [0, 1, 1, 1, 1, 1, 1, 1, 1, 1, 1, 1, 1, 1, 1, 1, 1, 1, 1, 1, 1, 1, 1, 1, 1, 1, 1, 1, 1, 1, 0, 1, 1, 1, 1, 1, 1, 1, 1, 1, 1, 1, 1, 1, 1, 1, 1, 1, 1, 1, 1, 1, 1, 1, 1, 1, 1, 1, 1, 1, 1, 1], [0, 1, 1, 1, 1, 1, 1, 1, 1, 1, 1, 1, 1, 1, 1, 1, 1, 1, 1, 1, 1, 1, 1, 1, 1, 1, 1, 1, 1, 1, 1, 0, 1, 1, 1, 1, 1, 1, 1, 1, 1, 1, 1, 1, 1, 1, 1, 1, 1, 1, 1, 1, 1, 1, 1, 1, 1, 1, 1, 1, 1, 1], [0, 1, 1, 1, 1, 1, 1, 1, 1, 1, 1, 1, 1, 1, 1, 1, 1, 1, 1, 1, 1, 1, 1, 1, 1, 1, 1, 1, 1, 1, 1, 1, 0, 1, 1, 1, 1, 1, 1, 1, 1, 1, 1, 1, 1, 1, 1, 1, 1, 1, 1, 1, 1, 1, 1, 1, 1, 1, 1, 1, 1, 1], [0, 1, 1, 1, 1, 1, 1, 1, 1, 1, 1, 1, 1, 1, 1, 1, 1, 1, 1, 1, 1, 1, 1, 1, 1, 1, 1, 1, 1, 1, 1, 1, 1, 0, 1, 1, 1, 1, 1, 1, 1, 1, 1, 1, 1, 1, 1, 1, 1, 1, 1, 1, 1, 1, 1, 1, 1, 1, 1, 1, 1, 1], [0, 1, 1, 1, 1, 1, 1, 1, 1, 1, 1, 1, 1, 1, 1, 1, 1, 1, 1, 1, 1, 1, 1, 1, 1, 1, 1, 1, 1, 1, 1, 1, 1, 1, 0, 1, 1, 1, 1, 1, 1, 1, 1, 1, 1, 1, 1, 1, 1, 1, 1, 1, 1, 1, 1, 1, 1, 1, 1, 1, 1, 1], [0, 1, 1, 1, 1, 1, 1, 1, 1, 1, 1, 1, 1, 1, 1, 1, 1, 1, 1, 1, 1, 1, 1, 1, 1, 1, 1, 1, 1, 1, 1, 1, 1, 1, 1, 0, 1, 1, 1, 1, 1, 1, 1, 1, 1, 1, 1, 1, 1, 1, 1, 1, 1, 1, 1, 1, 1, 1, 1, 1, 1, 1], [0, 1, 1, 1, 1, 1, 1, 1, 1, 1, 1, 1, 1, 1, 1, 1, 1, 1, 1, 1, 1, 1, 1, 1, 1, 1, 1, 1, 1, 1, 1, 1, 1, 1, 1, 1, 0, 1, 1, 1, 1, 1, 1, 1, 1, 1, 1, 1, 1, 1, 1, 1, 1, 1, 1, 1, 1, 1, 1, 1, 1, 1], [0, 1, 1, 1, 1, 1, 1, 1, 1, 1, 1, 1, 1, 1, 1, 1, 1, 1, 1, 1, 1, 1, 1, 1, 1, 1, 1, 1, 1, 1, 1, 1, 1, 1, 1, 1, 1, 0, 1, 1, 1, 1, 1, 1, 1, 1, 1, 1, 1, 1, 1, 1, 1, 1, 1, 1, 1, 1, 1, 1, 1, 1], [0, 1, 1, 1, 1, 1, 1, 1, 1, 1, 1, 1, 1, 1, 1, 1, 1, 1, 1, 1, 1, 1, 1, 1, 1, 1, 1, 1, 1, 1, 1, 1, 1, 1, 1, 1, 1, 1, 0, 1, 1, 1, 1, 1, 1, 1, 1, 1, 1, 1, 1, 1, 1, 1, 1, 1, 1, 1, 1, 1, 1, 1], [0, 1, 1, 1, 1, 1, 1, 1, 1, 1, 1, 1, 1, 1, 1, 1, 1, 1, 1, 1, 1, 1, 1, 1, 1, 1, 1, 1, 1, 1, 1, 1, 1, 1, 1, 1, 1, 1, 1, 0, 1, 1, 1, 1, 1, 1, 1, 1, 1, 1, 1, 1, 1, 1, 1, 1, 1, 1, 1, 1, 1, 1], [0, 1, 1, 1, 1, 1, 1, 1, 1, 1, 1, 1, 1, 1, 1, 1, 1, 1, 1, 1, 1, 1, 1, 1, 1, 1, 1, 1, 1, 1, 1, 1, 1, 1, 1, 1, 1, 1, 1, 1, 0, 1, 1, 1, 1, 1, 1, 1, 1, 1, 1, 1, 1, 1, 1, 1, 1, 1, 1, 1, 1, 1], [0, 1, 1, 1, 1, 1, 1, 1, 1, 1, 1, 1, 1, 1, 1, 1, 1, 1, 1, 1, 1, 1, 1, 1, 1, 1, 1, 1, 1, 1, 1, 1, 1, 1, 1, 1, 1, 1, 1, 1, 1, 0, 1, 1, 1, 1, 1, 1, 1, 1, 1, 1, 1, 1, 1, 1, 1, 1, 1, 1, 1, 1], [0, 1, 1, 1, 1, 1, 1, 1, 1, 1, 1, 1, 1, 1, 1, 1, 1, 1, 1, 1, 1, 1, 1, 1, 1, 1, 1, 1, 1, 1, 1, 1, 1, 1, 1, 1, 1, 1, 1, 1, 1, 1, 0, 1, 1, 1, 1, 1, 1, 1, 1, 1, 1, 1, 1, 1, 1, 1, 1, 1, 1, 1], [0, 1, 1, 1, 1, 1, 1, 1, 1, 1, 1, 1, 1, 1, 1, 1, 1, 1, 1, 1, 1, 1, 1, 1, 1, 1, 1, 1, 1, 1, 1, 1, 1, 1, 1, 1, 1, 1, 1, 1, 1, 1, 1, 0, 1, 1, 1, 1, 1, 1, 1, 1, 1, 1, 1, 1, 1, 1, 1, 1, 1, 1], [0, 1, 1, 1, 1, 1, 1, 1, 1, 1, 1, 1, 1, 1, 1, 1, 1, 1, 1, 1, 1, 1, 1, 1, 1, 1, 1, 1, 1, 1, 1, 1, 1, 1, 1, 1, 1, 1, 1, 1, 1, 1, 1, 1, 0, 1, 1, 1, 1, 1, 1, 1, 1, 1, 1, 1, 1, 1, 1, 1, 1, 1], [0, 1, 1, 1, 1, 1, 1, 1, 1, 1, 1, 1, 1, 1, 1, 1, 1, 1, 1, 1, 1, 1, 1, 1, 1, 1, 1, 1, 1, 1, 1, 1, 1, 1, 1, 1, 1, 1, 1, 1, 1, 1, 1, 1, 1, 0, 1, 1, 1, 1, 1, 1, 1, 1, 1, 1, 1, 1, 1, 1, 1, 1], [0, 1, 1, 1, 1, 1, 1, 1, 1, 1, 1, 1, 1, 1, 1, 1, 1, 1, 1, 1, 1, 1, 1, 1, 1, 1, 1, 1, 1, 1, 1, 1, 1, 1, 1, 1, 1, 1, 1, 1, 1, 1, 1, 1, 1, 1, 0, 1, 1, 1, 1, 1, 1, 1, 1, 1, 1, 1, 1, 1, 1, 1], [0, 1, 1, 1, 1, 1, 1, 1, 1, 1, 1, 1, 1, 1, 1, 1, 1, 1, 1, 1, 1, 1, 1, 1, 1, 1, 1, 1, 1, 1, 1, 1, 1, 1, 1, 1, 1, 1, 1, 1, 1, 1, 1, 1, 1, 1, 1, 0, 1, 1, 1, 1, 1, 1, 1, 1, 1, 1, 1, 1, 1, 1], [0, 1, 1, 1, 1, 1, 1, 1, 1, 1, 1, 1, 1, 1, 1, 1, 1, 1, 1, 1, 1, 1, 1, 1, 1, 1, 1, 1, 1, 1, 1, 1, 1, 1, 1, 1, 1, 1, 1, 1, 1, 1, 1, 1, 1, 1, 1, 1, 0, 1, 1, 1, 1, 1, 1, 1, 1, 1, 1, 1, 1, 1], [0, 1, 1, 1, 1, 1, 1, 1, 1, 1, 1, 1, 1, 1, 1, 1, 1, 1, 1, 1, 1, 1, 1, 1, 1, 1, 1, 1, 1, 1, 1, 1, 1, 1, 1, 1, 1, 1, 1, 1, 1, 1, 1, 1, 1, 1, 1, 1, 1, 0, 1, 1, 1, 1, 1, 1, 1, 1, 1, 1, 1, 1], [0, 1, 1, 1, 1, 1, 1, 1, 1, 1, 1, 1, 1, 1, 1, 1, 1, 1, 1, 1, 1, 1, 1, 1, 1, 1, 1, 1, 1, 1, 1, 1, 1, 1, 1, 1, 1, 1, 1, 1, 1, 1, 1, 1, 1, 1, 1, 1, 1, 1, 0, 1, 1, 1, 1, 1, 1, 1, 1, 1, 1, 1], [0, 1, 1, 1, 1, 1, 1, 1, 1, 1, 1, 1, 1, 1, 1, 1, 1, 1, 1, 1, 1, 1, 1, 1, 1, 1, 1, 1, 1, 1, 1, 1, 1, 1, 1, 1, 1, 1, 1, 1, 1, 1, 1, 1, 1, 1, 1, 1, 1, 1, 1, 0, 1, 1, 1, 1, 1, 1, 1, 1, 1, 1], [0, 1, 1, 1, 1, 1, 1, 1, 1, 1, 1, 1, 1, 1, 1, 1, 1, 1, 1, 1, 1, 1, 1, 1, 1, 1, 1, 1, 1, 1, 1, 1, 1, 1, 1, 1, 1, 1, 1, 1, 1, 1, 1, 1, 1, 1, 1, 1, 1, 1, 1, 1, 0, 1, 1, 1, 1, 1, 1, 1, 1, 1], [0, 1, 1, 1, 1, 1, 1, 1, 1, 1, 1, 1, 1, 1, 1, 1, 1, 1, 1, 1, 1, 1, 1, 1, 1, 1, 1, 1, 1, 1, 1, 1, 1, 1, 1, 1, 1, 1, 1, 1, 1, 1, 1, 1, 1, 1, 1, 1, 1, 1, 1, 1, 1, 0, 1, 1, 1, 1, 1, 1, 1, 1], [0, 1, 1, 1, 1, 1, 1, 1, 1, 1, 1, 1, 1, 1, 1, 1, 1, 1, 1, 1, 1, 1, 1, 1, 1, 1, 1, 1, 1, 1, 1, 1, 1, 1, 1, 1, 1, 1, 1, 1, 1, 1, 1, 1, 1, 1, 1, 1, 1, 1, 1, 1, 1, 1, 0, 1, 1, 1, 1, 1, 1, 1], [0, 1, 1, 1, 1, 1, 1, 1, 1, 1, 1, 1, 1, 1, 1, 1, 1, 1, 1, 1, 1, 1, 1, 1, 1, 1, 1, 1, 1, 1, 1, 1, 1, 1, 1, 1, 1, 1, 1, 1, 1, 1, 1, 1, 1, 1, 1, 1, 1, 1, 1, 1, 1, 1, 1, 0, 1, 1, 1, 1, 1, 1], [0, 1, 1, 1, 1, 1, 1, 1, 1, 1, 1, 1, 1, 1, 1, 1, 1, 1, 1, 1, 1, 1, 1, 1, 1, 1, 1, 1, 1, 1, 1, 1, 1, 1, 1, 1, 1, 1, 1, 1, 1, 1, 1, 1, 1, 1, 1, 1, 1, 1, 1, 1, 1, 1, 1, 1, 0, 1, 1, 1, 1, 1], [0, 1, 1, 1, 1, 1, 1, 1, 1, 1, 1, 1, 1, 1, 1, 1, 1, 1, 1, 1, 1, 1, 1, 1, 1, 1, 1, 1, 1, 1, 1, 1, 1, 1, 1, 1, 1, 1, 1, 1, 1, 1, 1, 1, 1, 1, 1, 1, 1, 1, 1, 1, 1, 1, 1, 1, 1, 0, 1, 1, 1, 1], [0, 1, 1, 1, 1, 1, 1, 1, 1, 1, 1, 1, 1, 1, 1, 1, 1, 1, 1, 1, 1, 1, 1, 1, 1, 1, 1, 1, 1, 1, 1, 1, 1, 1, 1, 1, 1, 1, 1, 1, 1, 1, 1, 1, 1, 1, 1, 1, 1, 1, 1, 1, 1, 1, 1, 1, 1, 1, 0, 1, 1, 1], [0, 1, 1, 1, 1, 1, 1, 1, 1, 1, 1, 1, 1, 1, 1, 1, 1, 1, 1, 1, 1, 1, 1, 1, 1, 1, 1, 1, 1, 1, 1, 1, 1, 1, 1, 1, 1, 1, 1, 1, 1, 1, 1, 1, 1, 1, 1, 1, 1, 1, 1, 1, 1, 1, 1, 1, 1, 1, 1, 0, 1, 1], [0, 1, 1, 1, 1, 1, 1, 1, 1, 1, 1, 1, 1, 1, 1, 1, 1, 1, 1, 1, 1, 1, 1, 1, 1, 1, 1, 1, 1, 1, 1, 1, 1, 1, 1, 1, 1, 1, 1, 1, 1, 1, 1, 1, 1, 1, 1, 1, 1, 1, 1, 1, 1, 1, 1, 1, 1, 1, 1, 1, 0, 1], [0, 0, 0, 0, 0, 0, 0, 0, 0, 0, 0, 0, 0, 0, 0, 0, 0, 0, 0, 0, 0, 0, 0, 0, 0, 0, 0, 0, 0, 0, 0, 0, 0, 0, 0, 0, 0, 0, 0, 0, 0, 0, 0, 0, 0, 0, 0, 0, 0, 0, 0, 0, 0, 0, 0, 0, 0, 0, 0, 0, 0, 0]], "coordinates": [[25.0, 25.0], [19.942, 16.269], [13.131, 45.499], [41.105, 42.288], [29.622, 23.653], [20.387, 33.75], [8.195, 24.765], [39.947, 22.762], [32.184, 39.039], [46.07, 49.15], [15.395, 23.92], [38.336, 13.008], [49.706, 28.635], [17.748, 22.292], [42.549, 29.924], [44.178, 9.661], [26.591, 36.243], [3.855, 9.895], [37.401, 26.569], [45.989, 20.442], [35.511, 15.228], [39.026, 12.034], [28.364, 23.084], [40.399, 46.524], [42.439, 43.835], [48.019, 11.272], [7.711, 35.675], [12.451, 19.724], [11.466, 10.009], [31.894, 3.068], [31.193, 29.453], [35.573, 46.733], [36.158, 11.897], [43.76, 46.624], [13.387, 36.048], [21.442, 34.131], [4.515, 24.464], [14.379, 35.446], [17.381, 24.472], [43.627, 19.724], [0.062, 49.145], [42.389, 13.101], [6.799, 22.468], [24.429, 6.787], [44.972, 41.699], [30.09, 18.098], [17.571, 39.599], [30.378, 32.49], [20.594, 9.692], [19.93, 25.913], [5.808, 45.172], [0.497, 25.269], [43.952, 38.259], [13.843, 16.968], [19.524, 12.881], [30.948, 13.248], [15.145, 19.745], [18.778, 35.536], [47.436, 7.99], [6.843, 25.729], [17.743, 42.465], [25.0, 25.0]], "vertex_count": 62}, "distances": [[0.0, 10.090279, 23.687173, 23.627229, 4.81428, 9.891525, 16.806643, 15.113618, 15.770332, 32.049452, 9.665528, 17.934797, 24.971978, 7.741109, 18.226716, 24.5577, 11.355013, 25.985997, 12.499862, 21.47821, 14.351763, 19.100938, 3.871376, 26.465294, 25.668579, 26.801723, 20.319083, 13.612993, 20.196515, 22.989995, 7.627743, 24.168401, 17.210159, 28.627521, 16.028726, 9.799721, 20.492011, 14.897133, 7.637273, 19.359786, 34.711452, 21.070442, 18.376273, 18.221949, 26.03339, 8.575879, 16.380502, 9.220791, 15.92946, 5.15155, 27.843176, 24.504477, 23.129621, 13.747424, 13.298749, 13.171492, 11.168529, 12.236036, 28.155181, 18.171629, 18.912701, 0.0], [10.090279, 0.0, 30.013041, 33.538946, 12.174804, 17.486663, 14.49738, 21.032334, 25.852262, 41.998006, 8.900169, 18.680829, 32.230632, 6.410161, 26.410897, 25.120696, 21.0516, 17.303741, 20.270833, 26.379161, 15.603764, 19.548255, 10.833942, 36.521964, 35.580885, 28.518204, 22.938836, 8.24937, 10.537086, 17.807771, 17.332134, 34.240086, 16.79503, 38.583975, 20.836911, 17.924872, 17.468553, 19.967581, 8.593482, 23.935669, 38.419341, 22.669452, 14.531554, 10.490066, 35.681729, 10.311505, 23.450171, 19.288104, 6.609238, 9.644007, 32.173799, 21.426806, 32.558259, 6.138925, 3.413688, 11.413084, 5.924001, 19.302129, 28.713444, 16.157828, 26.288135, 10.090279], [23.687173, 30.013041, 0.0, 28.157685, 27.371533, 13.809002, 21.313443, 35.157773, 20.11836, 33.140723, 21.697441, 41.121249, 40.275614, 23.661816, 33.286624, 47.416015, 16.335395, 36.792513, 30.779503, 41.321924, 37.645688, 42.313795, 27.101227, 27.287258, 29.3552, 48.87392, 11.219954, 25.783968, 35.529035, 46.394395, 24.16009, 22.475901, 40.734962, 30.649654, 9.454467, 14.08205, 22.731183, 10.130168, 21.452208, 39.929396, 13.568054, 43.653877, 23.885585, 40.326961, 32.06695, 32.224563, 7.38401, 21.603081, 36.576463, 20.73253, 7.330297, 23.851014, 31.659937, 28.539883, 33.238598, 36.845251, 25.832629, 11.452073, 50.830681, 20.745887, 5.52048, 23.687173], [23.627229, 33.538946, 28.157685, 0.0, 21.888867, 22.408324, 37.284362, 19.560308, 9.494222, 8.469845, 31.597271, 29.41064, 16.136344, 30.747186, 12.448037, 32.771397, 15.722539, 49.364653, 16.149507, 22.385289, 27.632163, 30.325348, 23.046186, 4.29443, 2.042735, 31.777282, 34.042488, 36.471712, 43.822416, 40.287106, 16.216811, 7.096552, 30.791, 5.084282, 28.411708, 21.287795, 40.700406, 27.587897, 29.668806, 22.704506, 41.611853, 29.215229, 39.619869, 39.22257, 3.911599, 26.57981, 23.687125, 14.528225, 38.51234, 26.767915, 35.414625, 44.030172, 4.933381, 37.206438, 36.476173, 30.765017, 34.381804, 23.325618, 34.877419, 38.053714, 23.362671, 23.627229], [4.81428, 12.174804, 27.371533, 21.888867, 0.0, 13.683371, 21.455835, 10.363373, 15.597847, 30.341946, 14.229505, 13.75681, 20.692689, 11.951745, 14.367768, 20.190423, 12.949713, 29.209944, 8.307581, 16.679005, 10.279151, 14.947788, 1.380697, 25.282926, 23.907919, 22.175184, 24.992407, 17.614775, 22.71121, 20.710003, 6.008997, 23.834865, 13.450756, 26.973133, 20.42575, 13.292888, 25.120095, 19.272361, 12.268368, 14.545689, 39.033776, 16.563242, 22.853743, 17.647357, 23.691362, 5.574679, 19.987534, 8.869279, 16.625712, 9.952008, 32.096323, 29.169797, 20.461773, 17.136688, 14.765012, 10.489152, 14.995199, 16.087201, 23.720627, 22.873404, 22.24864, 4.81428], [9.891525, 17.486663, 13.809002, 22.408324, 13.683371, 0.0, 15.145134, 22.435012, 12.928369, 29.946227, 11.024925, 27.429859, 29.761838, 11.75798, 22.489831, 33.856928, 6.686155, 29.023577, 18.467348, 28.854207, 23.912337, 28.618123, 13.319012, 23.741424, 24.248669, 35.620049, 12.821334, 16.115482, 25.361769, 32.768829, 11.629009, 19.979311, 26.949546, 26.684022, 7.367551, 1.121689, 18.38886, 6.242794, 9.752811, 27.144544, 25.497287, 30.173982, 17.66118, 27.264283, 25.838127, 18.415573, 6.491584, 10.070138, 24.058891, 7.850313, 18.520511, 21.622661, 23.992505, 18.012758, 20.886836, 23.062236, 14.953882, 2.403888, 37.352724, 15.740914, 9.107248, 9.891525], [16.806643, 14.49738, 21.313443, 37.284362, 21.455835, 15.145134, 0.0, 31.815115, 27.914498, 45.046019, 7.249415, 32.35285, 41.691006, 9.867904, 34.739208, 39.024442, 21.683111, 15.4904, 29.261662, 38.040436, 28.932995, 33.356093, 20.238931, 38.865817, 39.195873, 42.047735, 10.920731, 6.597364, 15.114198, 32.131019, 23.470947, 35.101964, 30.781728, 41.74548, 12.420264, 16.223593, 3.692289, 12.342026, 9.190672, 35.788801, 25.70078, 36.128639, 2.687941, 24.222949, 40.48837, 22.887549, 17.548702, 23.489596, 19.517442, 11.791019, 20.546129, 7.714481, 38.218465, 9.627726, 16.418761, 25.50177, 8.573383, 15.100143, 42.676184, 1.660482, 20.111049, 16.806643], [15.113618, 21.032334, 35.157773, 19.560308, 10.363373, 22.435012, 31.815115, 0.0, 18.033438, 27.089069, 24.579293, 9.886144, 11.389917, 22.203975, 7.620016, 13.767264, 18.976831, 38.316996, 4.579887, 6.472107, 8.742954, 10.767461, 11.587475, 23.766299, 21.219835, 14.041983, 34.726147, 27.663323, 31.205871, 21.276852, 11.018257, 24.366795, 11.506726, 24.164727, 29.697667, 21.718407, 35.472855, 28.541312, 22.630697, 4.771985, 47.821291, 9.964852, 33.149304, 22.271258, 19.592361, 10.90474, 28.003035, 13.645503, 23.353019, 20.263492, 40.837231, 39.529578, 16.006156, 26.739283, 22.68773, 13.095732, 24.984825, 24.724515, 16.561917, 33.236695, 29.685448, 15.113618], [15.770332, 25.852262, 20.11836, 9.494222, 15.597847, 12.928369, 27.914498, 18.033438, 0.0, 17.177116, 22.593244, 26.748085, 20.37802, 22.110181, 13.80277, 31.732049, 6.252941, 40.643634, 13.517322, 23.160882, 24.04231, 27.858266, 16.405927, 11.113571, 11.321071, 31.964879, 24.703122, 27.612688, 35.664778, 35.972169, 9.637089, 8.407316, 27.431384, 13.839653, 19.033478, 11.810124, 31.273058, 18.163911, 20.768397, 22.4502, 33.674235, 27.873318, 30.314951, 33.171246, 13.061721, 21.045435, 14.623726, 6.793455, 31.552726, 17.956959, 27.079643, 34.549658, 11.793821, 28.697061, 29.060567, 25.8206, 25.740745, 13.856112, 34.59283, 28.623808, 14.841831, 15.770332], [32.049452, 41.998006, 33.140723, 8.469845, 30.341946, 29.946227, 45.046019, 27.089069, 17.177116, 0.0, 39.717862, 36.960234, 20.834724, 39.031882, 19.545754, 39.534299, 23.367116, 57.645999, 24.187871, 28.708114, 35.527378, 37.778504, 31.510931, 6.249489, 6.436877, 37.928109, 40.656961, 44.678033, 52.244183, 48.213169, 24.683941, 10.771671, 38.549108, 3.422978, 35.211374, 28.846295, 48.334425, 34.527078, 37.8426, 29.527237, 46.008, 36.236448, 47.47779, 47.570544, 7.531468, 34.922587, 30.056856, 22.886556, 46.967652, 34.975102, 40.458042, 51.450952, 11.095035, 45.544052, 44.945862, 38.956752, 42.67329, 30.499086, 41.182661, 45.686987, 29.105122, 32.049452], [9.665528, 8.900169, 21.697441, 31.597271, 14.229505, 11.024925, 7.249415, 24.579293, 22.593244, 39.717862, 0.0, 25.403961, 34.633451, 2.861292, 27.80985, 32.121335, 16.649527, 18.162385, 22.164865, 30.791059, 21.913565, 26.451865, 12.995917, 33.706688, 33.58549, 34.98996, 14.043642, 5.125773, 14.455205, 26.589902, 16.738904, 30.456274, 23.992805, 36.332421, 12.293106, 11.867212, 10.893592, 11.570693, 2.061286, 28.542113, 29.519511, 29.081382, 8.71777, 19.368863, 34.5093, 15.806287, 15.829277, 17.260799, 15.148122, 4.953612, 23.314332, 14.958951, 31.954799, 7.123132, 11.785931, 18.862327, 4.182478, 12.098601, 35.782546, 8.741235, 18.69305, 9.665528], [17.934797, 18.680829, 41.121249, 29.41064, 13.75681, 27.429859, 32.35285, 9.886144, 26.748085, 36.960234, 25.403961, 0.0, 19.325631, 22.584473, 17.43274, 6.732858, 26.034789, 34.621238, 13.593195, 10.669244, 3.592913, 1.19364, 14.176267, 33.579432, 31.098851, 9.837387, 38.100965, 26.742062, 27.036843, 11.844955, 17.929319, 33.837993, 2.444996, 34.050774, 33.960186, 27.04789, 35.708542, 32.823798, 23.885881, 8.549815, 52.638217, 4.054067, 32.925279, 15.235009, 29.448429, 9.690439, 33.738205, 21.044669, 18.049222, 22.479321, 45.744876, 39.775898, 25.867981, 24.811059, 18.812429, 7.391897, 24.149734, 29.833306, 10.391839, 33.965172, 35.941431, 17.934797], [24.971978, 32.230632, 40.275614, 16.136344, 20.692689, 29.761838, 41.691006, 11.389917, 20.37802, 20.834724, 34.633451, 19.325631, 0.0, 32.581397, 7.27215, 19.762881, 24.334849, 49.532836, 12.477235, 8.99674, 19.525513, 19.739696, 22.052088, 20.165232, 16.847827, 17.444762, 42.581001, 38.305887, 42.534991, 31.159891, 18.531063, 22.962563, 21.533902, 18.946214, 37.067807, 28.793397, 45.383077, 35.977585, 32.591965, 10.787037, 53.713935, 17.171012, 43.347924, 33.410505, 13.895282, 22.266922, 33.953903, 19.708694, 34.732489, 29.900158, 46.90956, 49.323986, 11.212934, 37.713044, 34.046169, 24.26154, 35.686059, 31.688562, 20.769423, 42.961397, 34.826746, 24.971978], [7.741109, 6.410161, 23.661816, 30.747186, 11.951745, 11.75798, 9.867904, 22.203975, 22.110181, 39.031882, 2.861292, 22.584473, 32.581397, 0.0, 25.948738, 29.293123, 16.517538, 18.61991, 20.113009, 28.30153, 19.116073, 23.621597, 10.645502, 33.170132, 32.768069, 32.214497, 16.7286, 5.886666, 13.796217, 23.867792, 15.23312, 30.250506, 21.141999, 35.618399, 14.430726, 12.401917, 13.410066, 13.578582, 2.210676, 26.006101, 32.153977, 26.299303, 10.950414, 16.883151, 33.433184, 13.035129, 17.307905, 16.233179, 12.917419, 4.227619, 25.8081, 17.505986, 30.685415, 6.602575, 9.577113, 16.00106, 3.641815, 13.283992, 32.953369, 11.433809, 20.173001, 7.741109], [18.226716, 26.410897, 33.286624, 12.448037, 14.367768, 22.489831, 34.739208, 7.620016, 13.80277, 19.545754, 27.80985, 17.43274, 7.27215, 25.948738, 0.0, 20.328375, 17.163552, 43.570477, 6.144748, 10.08672, 16.294351, 18.233585, 15.74801, 16.738653, 13.911435, 19.437541, 35.309492, 31.77939, 36.915581, 28.892452, 11.365763, 18.199095, 19.126359, 16.74385, 29.798081, 21.522182, 38.423909, 28.706121, 25.751748, 10.256807, 46.632521, 16.823761, 36.519234, 29.388011, 12.021712, 17.177921, 26.786305, 12.438553, 29.855583, 22.97188, 39.779424, 42.308861, 8.452256, 31.494323, 28.646369, 20.314334, 29.233393, 24.424475, 22.47183, 35.951585, 27.795941, 18.226716], [24.5577, 25.120696, 47.416015, 32.771397, 20.190423, 33.856928, 39.024442, 13.767264, 31.732049, 39.534299, 32.121335, 6.732858, 19.762881, 29.293123, 20.328375, 0.0, 31.873269, 40.323679, 18.215603, 10.932048, 10.300892, 5.672234, 20.742698, 37.056195, 34.218217, 4.165165, 44.794757, 33.284629, 32.713851, 13.94146, 23.671364, 38.057578, 8.325869, 36.965363, 40.550702, 33.402194, 42.335356, 39.406175, 30.617722, 10.078074, 59.204795, 3.877386, 39.512136, 19.957026, 32.047837, 16.421167, 40.052669, 26.675893, 23.58402, 29.190632, 52.280857, 46.385767, 28.598893, 31.202636, 24.863389, 13.707643, 30.734381, 36.258456, 3.66153, 40.645822, 42.1297, 24.5577], [11.355013, 21.0516, 16.335395, 15.722539, 12.949713, 6.686155, 21.683111, 18.976831, 6.252941, 23.367116, 16.649527, 26.034789, 24.334849, 16.517538, 17.163552, 31.873269, 0.0, 34.801477, 14.506632, 25.019073, 22.829731, 27.215894, 13.277907, 17.215105, 17.572637, 32.904559, 18.888542, 21.744355, 30.281816, 33.596167, 8.202591, 13.810012, 26.158272, 20.063393, 13.20544, 5.565316, 25.021883, 12.23798, 14.945921, 23.729784, 29.499991, 28.020153, 24.11377, 29.535236, 19.173656, 18.479286, 9.624091, 5.331639, 27.219839, 12.291372, 22.619906, 28.307694, 17.477659, 23.109243, 24.407489, 23.404134, 20.079714, 7.844923, 35.110483, 22.372476, 10.816672, 11.355013], [25.985997, 17.303741, 36.792513, 49.364653, 29.209944, 29.023577, 15.4904, 38.316996, 40.643634, 57.645999, 18.162385, 34.621238, 49.532836, 18.61991, 43.570477, 40.323679, 34.801477, 0.0, 37.461399, 43.434009, 32.102075, 35.235984, 27.83237, 51.741159, 51.387242, 44.185462, 26.066782, 13.057582, 7.611854, 28.858161, 33.613712, 48.611416, 32.364978, 54.234938, 27.83592, 29.94472, 14.583942, 27.633461, 19.885714, 40.968539, 39.432846, 38.667138, 12.913073, 20.80743, 51.981748, 27.487532, 32.717828, 34.842554, 16.740231, 22.693214, 35.331019, 15.736456, 49.115027, 12.238769, 15.95098, 27.299693, 14.982877, 29.667437, 43.622616, 16.113463, 35.407364, 25.985997], [12.499862, 20.270833, 30.779503, 16.149507, 8.307581, 18.467348, 29.261662, 4.579887, 13.517322, 24.187871, 22.164865, 13.593195, 12.477235, 20.113009, 6.144748, 18.215603, 14.506632, 37.461399, 0.0, 10.549591, 11.497408, 14.625555, 9.68569, 20.17895, 17.986, 18.62096, 31.055037, 25.871925, 30.771055, 24.137607, 6.845197, 20.246691, 14.724559, 21.039009, 25.817119, 17.659941, 32.953301, 24.674149, 20.129526, 9.252951, 43.633436, 14.362004, 30.875566, 23.655873, 16.918538, 11.189663, 23.727828, 9.185901, 23.818236, 17.483311, 36.663187, 36.92689, 13.400437, 25.439311, 22.515516, 14.801698, 23.278671, 20.669379, 21.115882, 30.569543, 25.280818, 12.499862], [21.47821, 26.379161, 41.321924, 22.385289, 16.679005, 28.854207, 38.040436, 6.472107, 23.160882, 28.708114, 30.791059, 10.669244, 8.99674, 28.30153, 10.08672, 10.932048, 25.019073, 43.434009, 10.549591, 0.0, 11.703601, 10.91686, 17.821919, 26.67431, 23.660832, 9.392007, 41.197689, 33.545685, 36.065011, 22.372414, 17.323964, 28.27914, 13.025574, 26.276711, 36.144677, 28.105941, 41.668563, 34.990172, 28.890458, 2.468718, 54.158578, 8.176202, 39.242334, 25.520435, 21.281314, 16.07086, 34.272049, 19.719473, 27.576594, 26.627116, 47.181412, 45.747371, 17.933066, 32.333172, 27.523898, 16.672892, 30.851874, 31.116995, 12.535793, 39.501414, 35.816882, 21.47821], [14.351763, 15.603764, 37.645688, 27.632163, 10.279151, 23.912337, 28.932995, 8.742954, 24.04231, 35.527378, 21.913565, 3.592913, 19.525513, 19.116073, 16.294351, 10.300892, 22.829731, 32.102075, 11.497408, 11.703601, 0.0, 4.749406, 10.620562, 31.675419, 29.433954, 13.118689, 34.509706, 23.494204, 24.604877, 12.68654, 14.865926, 31.505061, 3.393254, 32.46159, 30.37999, 23.563959, 32.342785, 29.246007, 20.350637, 9.278118, 49.06113, 7.199376, 29.61075, 13.930585, 28.11093, 6.133852, 30.26201, 18.009007, 15.911134, 18.892771, 42.177142, 36.425292, 24.529114, 21.737751, 16.158359, 4.97407, 20.860902, 26.31365, 13.949705, 30.530726, 32.520086, 14.351763], [19.100938, 19.548255, 42.313795, 30.325348, 14.947788, 28.618123, 33.356093, 10.767461, 27.858266, 37.778504, 26.451865, 1.19364, 19.739696, 23.621597, 18.233585, 5.672234, 27.215894, 35.235984, 14.625555, 10.91686, 4.749406, 0.0, 15.355154, 34.517318, 31.983623, 9.025225, 39.236795, 27.665262, 27.634294, 11.456639, 19.099148, 34.870386, 2.87127, 34.912446, 35.128771, 28.23959, 36.681249, 33.994063, 24.964172, 8.961323, 53.809103, 3.528209, 33.874, 15.511396, 30.255035, 10.799268, 34.930592, 22.208914, 18.580193, 23.60686, 46.920812, 40.738791, 26.68363, 25.661797, 19.520385, 8.168713, 25.095053, 31.021372, 9.331776, 34.975685, 37.135049, 19.100938], [3.871376, 10.833942, 27.101227, 23.046186, 1.380697, 13.319012, 20.238931, 11.587475, 16.405927, 31.510931, 12.995917, 14.176267, 22.052088, 10.645502, 15.74801, 20.742698, 13.277907, 27.83237, 9.68569, 17.821919, 10.620562, 15.355154, 0.0, 26.349095, 25.074083, 22.931253, 24.188421, 16.263861, 21.365814, 20.32489, 6.969032, 24.723367, 13.634347, 28.127716, 19.808479, 13.036498, 23.888893, 18.665457, 11.070358, 15.62846, 38