{"capacity": 20, "cluster_count": 5, "cluster_speeds": [[0.5, 0.81, 0.5, 0.81], [0.67, 1.33, 0.88, 1.33], [0.88, 1.33, 0.67, 1.33], [0.85, 1.5, 0.85, 1.5], [1.0, 2.0, 1.0, 2.0]], "clusters": [[4, 4, 4, 4, 4, 4, 4, 4, 4, 4, 4, 4, 4, 4, 4, 4, 4, 4, 4, 4, 4, 4], [4, 4, 3, 2, 0, 1, 2, 4, 3, 2, 1, 4, 2, 3, 3, 1, 3, 1, 2, 3, 2, 4], [4, 3, 4, 3, 2, 4, 1, 0, 2, 3, 4, 2, 3, 2, 1, 3, 4, 3, 3, 2, 2, 4], [4, 1, 3, 4, 3, 2, 4, 3, 0, 1, 2, 1, 2, 4, 2, 0, 1, 2, 3, 1, 3, 4], [4, 0, 1, 3, 4, 3, 1, 4, 2, 4, 0, 1, 3, 2, 0, 4, 3, 3, 2, 1, 1, 4], [4, 2, 4, 1, 3, 4, 3, 2, 1, 1, 2, 3, 4, 0, 3, 2, 1, 2, 3, 1, 2, 4], [4, 1, 2, 4, 2, 3, 4, 3, 2, 2, 1, 3, 1, 4, 2, 3, 1, 1, 1, 2, 3, 4], [4, 4, 0, 3, 4, 1, 3, 4, 3, 2, 4, 2, 3, 1, 3, 0, 4, 3, 2, 2, 1, 4], [4, 3, 1, 0, 1, 2, 1, 3, 4, 1, 1, 3, 3, 2, 2, 4, 0, 2, 3, 3, 2, 4], [4, 1, 3, 2, 4, 2, 1, 1, 2, 4, 2, 2, 1, 1, 3, 3, 1, 1, 3, 3, 1, 4], [4, 2, 4, 1, 0, 1, 2, 4, 2, 1, 4, 3, 3, 2, 2, 1, 3, 3, 3, 2, 1, 4], [4, 4, 1, 2, 2, 3, 3, 1, 3, 1, 3, 4, 2, 1, 1, 3, 2, 1, 3, 2, 1, 4], [4, 1, 3, 1, 3, 4, 2, 3, 3, 2, 3, 1, 4, 2, 3, 4, 1, 3, 3, 3, 2, 4], [4, 3, 1, 4, 1, 0, 4, 2, 1, 2, 1, 2, 1, 4, 2, 3, 1, 4, 2, 3, 2, 4], [4, 3, 2, 1, 0, 3, 1, 3, 1, 3, 1, 2, 3, 1, 4, 0, 2, 3, 2, 4, 1, 4], [4, 2, 3, 0, 4, 1, 3, 0, 4, 3, 2, 3, 4, 3, 0, 4, 2, 4, 2, 3, 4, 4], [4, 3, 4, 2, 3, 2, 2, 4, 0, 2, 3, 1, 2, 2, 1, 1, 4, 1, 2, 1, 3, 4], [4, 2, 3, 1, 3, 1, 2, 3, 1, 2, 3, 2, 3, 4, 3, 4, 2, 4, 2, 1, 1, 4], [4, 1, 3, 3, 1, 3, 2, 1, 3, 3, 3, 3, 3, 1, 1, 1, 1, 1, 4, 3, 2, 4], [4, 3, 1, 2, 2, 2, 1, 1, 3, 3, 1, 1, 3, 3, 4, 3, 2, 2, 3, 4, 3, 4], [4, 1, 1, 3, 2, 1, 3, 2, 1, 2, 2, 2, 1, 1, 2, 4, 3, 2, 1, 3, 4, 4], [4, 4, 4, 4, 4, 4, 4, 4, 4, 4, 4, 4, 4, 4, 4, 4, 4, 4, 4, 4, 4, 4]], "dataset_name": "sun_et_al_2018", "demands": [0, 17, 19, 15, 15, 12, 15, 10, 18, 12, 11, -17, -19, -15, -15, -12, -15, -10, -18, -12, -11, 0], "digraph": {"arc_count": 420, "arcs": [[0, 1, 1, 1, 1, 1, 1, 1, 1, 1, 1, 1, 1, 1, 1, 1, 1, 1, 1, 1, 1, 0], [0, 0, 1, 1, 1, 1, 1, 1, 1, 1, 1, 1, 1, 1, 1, 1, 1, 1, 1, 1, 1, 1], [0, 1, 0, 1, 1, 1, 1, 1, 1, 1, 1, 1, 1, 1, 1, 1, 1, 1, 1, 1, 1, 1], [0, 1, 1, 0, 1, 1, 1, 1, 1, 1, 1, 1, 1, 1, 1, 1, 1, 1, 1, 1, 1, 1], [0, 1, 1, 1, 0, 1, 1, 1, 1, 1, 1, 1, 1, 1, 1, 1, 1, 1, 1, 1, 1, 1], [0, 1, 1, 1, 1, 0, 1, 1, 1, 1, 1, 1, 1, 1, 1, 1, 1, 1, 1, 1, 1, 1], [0, 1, 1, 1, 1, 1, 0, 1, 1, 1, 1, 1, 1, 1, 1, 1, 1, 1, 1, 1, 1, 1], [0, 1, 1, 1, 1, 1, 1, 0, 1, 1, 1, 1, 1, 1, 1, 1, 1, 1, 1, 1, 1, 1], [0, 1, 1, 1, 1, 1, 1, 1, 0, 1, 1, 1, 1, 1, 1, 1, 1, 1, 1, 1, 1, 1], [0, 1, 1, 1, 1, 1, 1, 1, 1, 0, 1, 1, 1, 1, 1, 1, 1, 1, 1, 1, 1, 1], [0, 1, 1, 1, 1, 1, 1, 1, 1, 1, 0, 1, 1, 1, 1, 1, 1, 1, 1, 1, 1, 1], [0, 1, 1, 1, 1, 1, 1, 1, 1, 1, 1, 0, 1, 1, 1, 1, 1, 1, 1, 1, 1, 1], [0, 1, 1, 1, 1, 1, 1, 1, 1, 1, 1, 1, 0, 1, 1, 1, 1, 1, 1, 1, 1, 1], [0, 1, 1, 1, 1, 1, 1, 1, 1, 1, 1, 1, 1, 0, 1, 1, 1, 1, 1, 1, 1, 1], [0, 1, 1, 1, 1, 1, 1, 1, 1, 1, 1, 1, 1, 1, 0, 1, 1, 1, 1, 1, 1, 1], [0, 1, 1, 1, 1, 1, 1, 1, 1, 1, 1, 1, 1, 1, 1, 0, 1, 1, 1, 1, 1, 1], [0, 1, 1, 1, 1, 1, 1, 1, 1, 1, 1, 1, 1, 1, 1, 1, 0, 1, 1, 1, 1, 1], [0, 1, 1, 1, 1, 1, 1, 1, 1, 1, 1, 1, 1, 1, 1, 1, 1, 0, 1, 1, 1, 1], [0, 1, 1, 1, 1, 1, 1, 1, 1, 1, 1, 1, 1, 1, 1, 1, 1, 1, 0, 1, 1, 1], [0, 1, 1, 1, 1, 1, 1, 1, 1, 1, 1, 1, 1, 1, 1, 1, 1, 1, 1, 0, 1, 1], [0, 1, 1, 1, 1, 1, 1, 1, 1, 1, 1, 1, 1, 1, 1, 1, 1, 1, 1, 1, 0, 1], [0, 0, 0, 0, 0, 0, 0, 0, 0, 0, 0, 0, 0, 0, 0, 0, 0, 0, 0, 0, 0, 0]], "coordinates": [[25.0, 25.0], [8.425, 35.962], [22.59, 4.106], [23.546, 22.74], [24.54, 28.941], [10.773, 6.48], [8.468, 49.652], [29.079, 18.591], [6.213, 8.965], [30.165, 32.199], [36.175, 39.439], [21.106, 14.542], [6.231, 27.622], [5.233, 21.397], [26.298, 18.397], [0.415, 27.147], [44.045, 44.43], [31.177, 33.186], [32.344, 28.953], [28.282, 9.106], [7.452, 42.655], [41.328, 33.122]], "vertex_count": 22}, "distances": [[0.0, 19.871992, 21.03253, 2.687325, 3.967755, 23.353756, 29.682118, 7.596942, 24.699648, 8.860182, 18.258295, 11.159435, 18.95126, 20.092683, 6.729369, 24.67857, 27.207295, 10.255044, 8.340296, 16.229318, 24.892395, 18.236515], [19.871992, 0.0, 34.863333, 20.086461, 17.578045, 29.575352, 13.690068, 26.987763, 27.087469, 22.063267, 27.966981, 24.892251, 8.62376, 14.91067, 25.059397, 11.910681, 36.612722, 22.920726, 24.92478, 33.399778, 6.763356, 33.025339], [21.03253, 34.863333, 0.0, 18.658507, 24.911438, 12.053106, 47.685102, 15.872062, 17.082623, 29.096345, 37.854631, 10.540984, 28.646451, 24.49988, 14.764212, 31.978404, 45.676493, 30.321329, 26.692956, 7.576204, 41.414785, 34.540424], [2.687325, 20.086461, 18.658507, 0.0, 6.280162, 20.676971, 30.848044, 6.9158, 22.140088, 11.544862, 20.936768, 8.553409, 17.990085, 18.362179, 5.141513, 23.547076, 29.844013, 12.936424, 10.770616, 14.433144, 25.605157, 20.590907], [3.967755, 17.578045, 24.911438, 6.280162, 0.0, 26.344389, 26.215543, 11.301549, 27.109399, 6.500399, 15.671032, 14.802823, 18.35645, 20.728536, 10.689551, 24.191611, 24.90691, 7.878439, 7.804009, 20.18489, 21.910581, 17.300801], [23.353756, 29.575352, 12.053106, 20.676971, 26.344389, 0.0, 43.233489, 21.949623, 5.193152, 32.210505, 41.611985, 13.105981, 21.624383, 15.912526, 19.571421, 23.117376, 50.470075, 33.608535, 31.150341, 17.704829, 36.32712, 40.538922], [29.682118, 13.690068, 47.685102, 30.848044, 26.215543, 43.233489, 0.0, 37.277326, 40.749442, 27.845413, 29.529362, 37.315294, 22.143285, 28.439589, 35.983106, 23.902423, 35.958201, 28.050452, 31.59924, 45.128402, 7.070379, 36.783427], [7.596942, 26.987763, 15.872062, 6.9158, 11.301549, 21.949623, 37.277326, 0.0, 24.809551, 13.651266, 22.022541, 8.942211, 24.56807, 24.010526, 2.787758, 29.91371, 29.860259, 14.74502, 10.86422, 9.518426, 32.354339, 19.004946], [24.699648, 27.087469, 17.082623, 22.140088, 27.109399, 5.193152, 40.749442, 24.809551, 0.0, 33.369403, 42.736239, 15.902968, 18.657009, 12.470566, 22.189408, 19.084075, 51.855824, 34.783015, 32.899078, 22.06945, 33.712775, 42.621871], [8.860182, 22.063267, 29.096345, 11.544862, 6.500399, 32.210505, 27.845413, 13.651266, 33.369403, 0.0, 9.409447, 19.84528, 24.36771, 27.171452, 14.333489, 30.175904, 18.500048, 1.413617, 3.909547, 23.169643, 25.004166, 11.201094], [18.258295, 27.966981, 37.854631, 20.936768, 15.671032, 41.611985, 29.529362, 22.022541, 42.736239, 9.409447, 0.0, 29.102154, 32.191375, 35.817888, 23.244804, 37.813633, 9.319173, 8.004999, 11.163904, 31.343107, 28.902481, 8.152171], [11.159435, 24.892251, 10.540984, 8.553409, 14.802823, 13.105981, 37.315294, 8.942211, 15.902968, 19.84528, 29.102154, 0.0, 19.807878, 17.289973, 6.466675, 24.228155, 37.676123, 21.190181, 18.274834, 9.002504, 31.25336, 27.461713], [18.95126, 8.62376, 28.646451, 17.990085, 18.35645, 21.624383, 22.143285, 24.56807, 18.657009, 24.36771, 32.191375, 19.807878, 0.0, 6.304493, 22.085858, 5.835365, 41.381245, 25.558971, 26.146899, 28.793903, 15.082504, 35.525335], [20.092683, 14.91067, 24.49988, 18.362179, 20.728536, 15.912526, 28.439589, 24.010526, 12.470566, 27.171452, 35.817888, 17.289973, 6.304493, 0.0, 21.277552, 7.501708, 45.131923, 28.496871, 28.144262, 26.121353, 21.373501, 37.951609], [6.729369, 25.059397, 14.764212, 5.141513, 10.689551, 19.571421, 35.983106, 2.787758, 22.189408, 14.333489, 23.244804, 6.466675, 22.085858, 21.277552, 0.0, 27.322009, 31.506715, 15.573027, 12.164837, 9.50047, 30.718436, 21.041068], [24.67857, 11.910681, 31.978404, 23.547076, 24.191611, 23.117376, 23.902423, 29.91371, 19.084075, 30.175904, 37.813633, 24.228155, 5.835365, 7.501708, 27.322009, 0.0, 46.928445, 31.349165, 31.980036, 33.197099, 17.029898, 41.346997], [27.207295, 36.612722, 45.676493, 29.844013, 24.90691, 50.470075, 35.958201, 29.860259, 51.855824, 18.500048, 9.319173, 37.676123, 41.381245, 45.131923, 31.506715, 46.928445, 0.0, 17.088387, 19.402343, 38.681483, 36.636024, 11.62983], [10.255044, 22.920726, 30.321329, 12.936424, 7.878439, 33.608535, 28.050452, 14.74502, 34.783015, 1.413617, 8.004999, 21.190181, 25.558971, 28.496871, 15.573027, 31.349165, 17.088387, 0.0, 4.39092, 24.2534, 25.544815, 10.151202], [8.340296, 24.92478, 26.692956, 10.770616, 7.804009, 31.150341, 31.59924, 10.86422, 32.899078, 3.909547, 11.163904, 18.274834, 26.146899, 28.144262, 12.164837, 31.980036, 19.402343, 4.39092, 0.0, 20.258412, 28.414019, 9.904182], [16.229318, 33.399778, 7.576204, 14.433144, 20.18489, 17.704829, 45.128402, 9.518426, 22.06945, 23.169643, 31.343107, 9.002504, 28.793903, 26.121353, 9.50047, 33.197099, 38.681483, 24.2534, 20.258412, 0.0, 39.489547, 27.330686], [24.892395, 6.763356, 41.414785, 25.605157, 21.910581, 36.32712, 7.070379, 32.354339, 33.712775, 25.004166, 28.902481, 31.25336, 15.082504, 21.373501, 30.718436, 17.029898, 36.636024, 25.544815, 28.414019, 39.489547, 0.0, 35.191781], [18.236515, 33.025339, 34.540424, 20.590907, 17.300801, 40.538922, 36.783427, 19.004946, 42.621871, 11.201094, 8.152171, 27.461713, 35.525335, 37.951609, 21.041068, 41.346997, 11.62983, 10.151202, 9.904182, 27.330686, 35.191781, 0.0]], "end_depot": 21, "horizon": [0.0, 840.0], "instance_name": "BB10", "profits": [0, 40, 40, 40, 40, 40, 40, 40, 40, 40, 40, 0, 0, 0, 0, 0, 0, 0, 0, 0, 0, 0], "requests": [[1, 11], [2, 12], [3, 13], [4, 14], [5, 15], [6, 16], [7, 17], [8, 18], [9, 19], [10, 20]], "speed_zone_count": 4, "speed_zones": [[0.0, 120.0], [120.0, 600.0], [600.0, 720.0], [720.0, 840.0]], "start_depot": 0, "time_windows": [[0.0, 840.0], [398.0, 458.0], [263.0, 323.0], [14.0, 74.0], [319.0, 379.0], [329.0, 389.0], [139.0, 199.0], [43.0, 103.0], [66.0, 126.0], [450.0, 510.0], [286.0, 346.0], [422.0, 482.0], [291.0, 351.0], [32.0, 92.0], [329.0, 389.0], [352.0, 412.0], [174.0, 234.0], [57.0, 117.0], [98.0, 158.0], [473.0, 533.0], [314.0, 374.0], [0.0, 840.0]], "vehicle_count": 20}