{"capacity": 20, "cluster_count": 5, "cluster_speeds": [[0.5, 0.81, 0.5, 0.81], [0.67, 1.33, 0.88, 1.33], [0.88, 1.33, 0.67, 1.33], [0.85, 1.5, 0.85, 1.5], [1.0, 2.0, 1.0, 2.0]], "clusters": [[4, 4, 4, 4, 4, 4, 4, 4, 4, 4, 4, 4, 4, 4, 4, 4, 4, 4, 4, 4, 4, 4, 4, 4, 4, 4, 4, 4, 4, 4, 4, 4], [4, 4, 3, 2, 0, 1, 2, 4, 3, 2, 1, 4, 2, 3, 3, 1, 3, 1, 2, 3, 2, 1, 2, 3, 3, 2, 1, 3, 2, 1, 2, 4], [4, 3, 4, 3, 2, 4, 1, 0, 2, 3, 4, 2, 3, 2, 1, 3, 4, 3, 3, 2, 2, 3, 3, 3, 2, 1, 1, 2, 3, 1, 3, 4], [4, 1, 3, 4, 3, 2, 4, 3, 0, 1, 2, 1, 2, 4, 2, 0, 1, 2, 3, 1, 3, 4, 2, 3, 2, 2, 3, 3, 2, 2, 1, 4], [4, 0, 1, 3, 4, 3, 1, 4, 2, 4, 0, 1, 3, 2, 0, 4, 3, 3, 2, 1, 1, 2, 4, 3, 1, 2, 3, 0, 1, 1, 2, 4], [4, 2, 4, 1, 3, 4, 3, 2, 1, 1, 2, 3, 4, 0, 3, 2, 1, 2, 3, 1, 2, 3, 2, 2, 3, 2, 1, 3, 3, 2, 2, 4], [4, 1, 2, 4, 2, 3, 4, 3, 2, 2, 1, 3, 1, 4, 2, 3, 1, 1, 1, 2, 3, 3, 2, 4, 0, 2, 2, 2, 3, 1, 2, 4], [4, 4, 0, 3, 4, 1, 3, 4, 3, 2, 4, 2, 3, 1, 3, 0, 4, 3, 2, 2, 1, 3, 2, 3, 1, 1, 3, 1, 2, 3, 2, 4], [4, 3, 1, 0, 1, 2, 1, 3, 4, 1, 1, 3, 3, 2, 2, 4, 0, 2, 3, 3, 2, 4, 0, 2, 2, 3, 1, 0, 1, 1, 3, 4], [4, 1, 3, 2, 4, 2, 1, 1, 2, 4, 2, 2, 1, 1, 3, 3, 1, 1, 3, 3, 1, 2, 2, 4, 0, 1, 1, 2, 3, 2, 1, 4], [4, 2, 4, 1, 0, 1, 2, 4, 2, 1, 4, 3, 3, 2, 2, 1, 3, 3, 3, 2, 1, 3, 3, 2, 2, 1, 1, 3, 2, 2, 2, 4], [4, 4, 1, 2, 2, 3, 3, 1, 3, 1, 3, 4, 2, 1, 1, 3, 2, 1, 3, 2, 1, 3, 4, 3, 1, 2, 2, 2, 1, 1, 3, 4], [4, 1, 3, 1, 3, 4, 2, 3, 3, 2, 3, 1, 4, 2, 3, 4, 1, 3, 3, 3, 2, 1, 2, 3, 3, 2, 1, 1, 2, 1, 2, 4], [4, 3, 1, 4, 1, 0, 4, 2, 1, 2, 1, 2, 1, 4, 2, 3, 1, 4, 2, 3, 2, 3, 2, 2, 0, 4, 3, 0, 1, 2, 3, 4], [4, 3, 2, 1, 0, 3, 1, 3, 1, 3, 1, 2, 3, 1, 4, 0, 2, 3, 2, 4, 1, 2, 2, 3, 3, 0, 1, 2, 0, 1, 1, 4], [4, 2, 3, 0, 4, 1, 3, 0, 4, 3, 2, 3, 4, 3, 0, 4, 2, 4, 2, 3, 4, 4, 2, 1, 2, 3, 3, 3, 3, 2, 1, 4], [4, 3, 4, 2, 3, 2, 2, 4, 0, 2, 3, 1, 2, 2, 1, 1, 4, 1, 2, 1, 3, 2, 2, 0, 1, 1, 2, 2, 1, 2, 1, 4], [4, 2, 3, 1, 3, 1, 2, 3, 1, 2, 3, 2, 3, 4, 3, 4, 2, 4, 2, 1, 1, 3, 2, 1, 2, 3, 1, 3, 1, 1, 2, 4], [4, 1, 3, 3, 1, 3, 2, 1, 3, 3, 3, 3, 3, 1, 1, 1, 1, 1, 4, 3, 2, 2, 3, 2, 1, 2, 3, 2, 3, 3, 1, 4], [4, 3, 1, 2, 2, 2, 1, 1, 3, 3, 1, 1, 3, 3, 4, 3, 2, 2, 3, 4, 3, 4, 2, 4, 0, 1, 1, 2, 3, 4, 2, 4], [4, 1, 1, 3, 2, 1, 3, 2, 1, 2, 2, 2, 1, 1, 2, 4, 3, 2, 1, 3, 4, 2, 3, 3, 1, 1, 3, 1, 0, 4, 2, 4], [4, 2, 3, 4, 1, 3, 3, 3, 4, 1, 3, 3, 1, 3, 1, 4, 1, 3, 1, 4, 1, 4, 3, 0, 1, 2, 2, 4, 1, 0, 2, 4], [4, 1, 3, 1, 4, 1, 1, 1, 0, 1, 3, 4, 3, 1, 1, 1, 1, 1, 3, 1, 3, 3, 4, 3, 0, 2, 1, 0, 1, 4, 3, 4], [4, 3, 3, 3, 3, 1, 4, 3, 1, 4, 1, 3, 3, 1, 3, 2, 0, 2, 1, 4, 3, 0, 3, 4, 2, 2, 3, 3, 2, 4, 0, 4], [4, 3, 1, 1, 2, 3, 0, 2, 1, 0, 1, 2, 1, 0, 3, 1, 2, 1, 2, 0, 2, 2, 0, 1, 4, 2, 3, 2, 3, 1, 1, 4], [4, 1, 2, 1, 1, 1, 1, 2, 3, 2, 2, 1, 1, 4, 0, 3, 2, 3, 1, 2, 2, 1, 1, 1, 1, 4, 1, 2, 2, 3, 1, 4], [4, 2, 2, 3, 3, 2, 1, 3, 2, 2, 2, 1, 2, 3, 2, 3, 1, 2, 3, 2, 3, 1, 2, 3, 3, 2, 4, 3, 3, 1, 1, 4], [4, 3, 1, 3, 0, 3, 1, 2, 0, 1, 3, 1, 2, 0, 1, 3, 1, 3, 1, 1, 2, 4, 0, 3, 1, 1, 3, 4, 1, 1, 2, 4], [4, 1, 3, 1, 2, 3, 3, 1, 2, 3, 1, 2, 1, 2, 0, 3, 2, 2, 3, 3, 0, 2, 2, 1, 3, 1, 3, 2, 4, 0, 3, 4], [4, 2, 2, 1, 2, 1, 2, 3, 2, 1, 1, 2, 2, 1, 2, 1, 1, 2, 3, 4, 4, 0, 4, 4, 2, 3, 2, 2, 0, 4, 2, 4], [4, 1, 3, 2, 1, 1, 1, 1, 3, 2, 1, 3, 1, 3, 2, 2, 2, 1, 2, 1, 1, 1, 2, 0, 2, 2, 2, 1, 3, 1, 4, 4], [4, 4, 4, 4, 4, 4, 4, 4, 4, 4, 4, 4, 4, 4, 4, 4, 4, 4, 4, 4, 4, 4, 4, 4, 4, 4, 4, 4, 4, 4, 4, 4]], "dataset_name": "sun_et_al_2018", "demands": [0, 6, 20, 9, 20, 11, 14, 20, 12, 9, 16, 20, 7, 16, 7, 7, -6, -20, -9, -20, -11, -14, -20, -12, -9, -16, -20, -7, -16, -7, -7, 0], "digraph": {"arc_count": 930, "arcs": [[0, 1, 1, 1, 1, 1, 1, 1, 1, 1, 1, 1, 1, 1, 1, 1, 1, 1, 1, 1, 1, 1, 1, 1, 1, 1, 1, 1, 1, 1, 1, 0], [0, 0, 1, 1, 1, 1, 1, 1, 1, 1, 1, 1, 1, 1, 1, 1, 1, 1, 1, 1, 1, 1, 1, 1, 1, 1, 1, 1, 1, 1, 1, 1], [0, 1, 0, 1, 1, 1, 1, 1, 1, 1, 1, 1, 1, 1, 1, 1, 1, 1, 1, 1, 1, 1, 1, 1, 1, 1, 1, 1, 1, 1, 1, 1], [0, 1, 1, 0, 1, 1, 1, 1, 1, 1, 1, 1, 1, 1, 1, 1, 1, 1, 1, 1, 1, 1, 1, 1, 1, 1, 1, 1, 1, 1, 1, 1], [0, 1, 1, 1, 0, 1, 1, 1, 1, 1, 1, 1, 1, 1, 1, 1, 1, 1, 1, 1, 1, 1, 1, 1, 1, 1, 1, 1, 1, 1, 1, 1], [0, 1, 1, 1, 1, 0, 1, 1, 1, 1, 1, 1, 1, 1, 1, 1, 1, 1, 1, 1, 1, 1, 1, 1, 1, 1, 1, 1, 1, 1, 1, 1], [0, 1, 1, 1, 1, 1, 0, 1, 1, 1, 1, 1, 1, 1, 1, 1, 1, 1, 1, 1, 1, 1, 1, 1, 1, 1, 1, 1, 1, 1, 1, 1], [0, 1, 1, 1, 1, 1, 1, 0, 1, 1, 1, 1, 1, 1, 1, 1, 1, 1, 1, 1, 1, 1, 1, 1, 1, 1, 1, 1, 1, 1, 1, 1], [0, 1, 1, 1, 1, 1, 1, 1, 0, 1, 1, 1, 1, 1, 1, 1, 1, 1, 1, 1, 1, 1, 1, 1, 1, 1, 1, 1, 1, 1, 1, 1], [0, 1, 1, 1, 1, 1, 1, 1, 1, 0, 1, 1, 1, 1, 1, 1, 1, 1, 1, 1, 1, 1, 1, 1, 1, 1, 1, 1, 1, 1, 1, 1], [0, 1, 1, 1, 1, 1, 1, 1, 1, 1, 0, 1, 1, 1, 1, 1, 1, 1, 1, 1, 1, 1, 1, 1, 1, 1, 1, 1, 1, 1, 1, 1], [0, 1, 1, 1, 1, 1, 1, 1, 1, 1, 1, 0, 1, 1, 1, 1, 1, 1, 1, 1, 1, 1, 1, 1, 1, 1, 1, 1, 1, 1, 1, 1], [0, 1, 1, 1, 1, 1, 1, 1, 1, 1, 1, 1, 0, 1, 1, 1, 1, 1, 1, 1, 1, 1, 1, 1, 1, 1, 1, 1, 1, 1, 1, 1], [0, 1, 1, 1, 1, 1, 1, 1, 1, 1, 1, 1, 1, 0, 1, 1, 1, 1, 1, 1, 1, 1, 1, 1, 1, 1, 1, 1, 1, 1, 1, 1], [0, 1, 1, 1, 1, 1, 1, 1, 1, 1, 1, 1, 1, 1, 0, 1, 1, 1, 1, 1, 1, 1, 1, 1, 1, 1, 1, 1, 1, 1, 1, 1], [0, 1, 1, 1, 1, 1, 1, 1, 1, 1, 1, 1, 1, 1, 1, 0, 1, 1, 1, 1, 1, 1, 1, 1, 1, 1, 1, 1, 1, 1, 1, 1], [0, 1, 1, 1, 1, 1, 1, 1, 1, 1, 1, 1, 1, 1, 1, 1, 0, 1, 1, 1, 1, 1, 1, 1, 1, 1, 1, 1, 1, 1, 1, 1], [0, 1, 1, 1, 1, 1, 1, 1, 1, 1, 1, 1, 1, 1, 1, 1, 1, 0, 1, 1, 1, 1, 1, 1, 1, 1, 1, 1, 1, 1, 1, 1], [0, 1, 1, 1, 1, 1, 1, 1, 1, 1, 1, 1, 1, 1, 1, 1, 1, 1, 0, 1, 1, 1, 1, 1, 1, 1, 1, 1, 1, 1, 1, 1], [0, 1, 1, 1, 1, 1, 1, 1, 1, 1, 1, 1, 1, 1, 1, 1, 1, 1, 1, 0, 1, 1, 1, 1, 1, 1, 1, 1, 1, 1, 1, 1], [0, 1, 1, 1, 1, 1, 1, 1, 1, 1, 1, 1, 1, 1, 1, 1, 1, 1, 1, 1, 0, 1, 1, 1, 1, 1, 1, 1, 1, 1, 1, 1], [0, 1, 1, 1, 1, 1, 1, 1, 1, 1, 1, 1, 1, 1, 1, 1, 1, 1, 1, 1, 1, 0, 1, 1, 1, 1, 1, 1, 1, 1, 1, 1], [0, 1, 1, 1, 1, 1, 1, 1, 1, 1, 1, 1, 1, 1, 1, 1, 1, 1, 1, 1, 1, 1, 0, 1, 1, 1, 1, 1, 1, 1, 1, 1], [0, 1, 1, 1, 1, 1, 1, 1, 1, 1, 1, 1, 1, 1, 1, 1, 1, 1, 1, 1, 1, 1, 1, 0, 1, 1, 1, 1, 1, 1, 1, 1], [0, 1, 1, 1, 1, 1, 1, 1, 1, 1, 1, 1, 1, 1, 1, 1, 1, 1, 1, 1, 1, 1, 1, 1, 0, 1, 1, 1, 1, 1, 1, 1], [0, 1, 1, 1, 1, 1, 1, 1, 1, 1, 1, 1, 1, 1, 1, 1, 1, 1, 1, 1, 1, 1, 1, 1, 1, 0, 1, 1, 1, 1, 1, 1], [0, 1, 1, 1, 1, 1, 1, 1, 1, 1, 1, 1, 1, 1, 1, 1, 1, 1, 1, 1, 1, 1, 1, 1, 1, 1, 0, 1, 1, 1, 1, 1], [0, 1, 1, 1, 1, 1, 1, 1, 1, 1, 1, 1, 1, 1, 1, 1, 1, 1, 1, 1, 1, 1, 1, 1, 1, 1, 1, 0, 1, 1, 1, 1], [0, 1, 1, 1, 1, 1, 1, 1, 1, 1, 1, 1, 1, 1, 1, 1, 1, 1, 1, 1, 1, 1, 1, 1, 1, 1, 1, 1, 0, 1, 1, 1], [0, 1, 1, 1, 1, 1, 1, 1, 1, 1, 1, 1, 1, 1, 1, 1, 1, 1, 1, 1, 1, 1, 1, 1, 1, 1, 1, 1, 1, 0, 1, 1], [0, 1, 1, 1, 1, 1, 1, 1, 1, 1, 1, 1, 1, 1, 1, 1, 1, 1, 1, 1, 1, 1, 1, 1, 1, 1, 1, 1, 1, 1, 0, 1], [0, 0, 0, 0, 0, 0, 0, 0, 0, 0, 0, 0, 0, 0, 0, 0, 0, 0, 0, 0, 0, 0, 0, 0, 0, 0, 0, 0, 0, 0, 0, 0]], "coordinates": [[25.0, 25.0], [8.425, 35.962], [22.59, 4.106], [23.546, 22.74], [24.54, 28.941], [10.773, 6.48], [8.468, 49.652], [29.079, 18.591], [6.213, 8.965], [30.165, 32.199], [36.175, 39.439], [21.201, 19.103], [33.213, 8.867], [5.536, 0.01], [20.402, 32.033], [41.624, 36.164], [21.106, 14.542], [6.231, 27.622], [5.233, 21.397], [26.298, 18.397], [0.415, 27.147], [44.045, 44.43], [31.177, 33.186], [32.344, 28.953], [28.282, 9.106], [7.452, 42.655], [43.067, 20.853], [16.577, 1.804], [5.976, 14.501], [15.093, 2.601], [10.374, 31.063], [25.0, 25.0]], "vertex_count": 32}, "distances": [[0.0, 19.871992, 21.03253, 2.687325, 3.967755, 23.353756, 29.682118, 7.596942, 24.699648, 8.860182, 18.258295, 7.014771, 18.103233, 31.675659, 8.40266, 20.024791, 11.159435, 18.95126, 20.092683, 6.729369, 24.67857, 27.207295, 10.255044, 8.340296, 16.229318, 24.892395, 18.536831, 24.677953, 21.728819, 24.492118, 15.832872, 0.0], [19.871992, 0.0, 34.863333, 20.086461, 17.578045, 29.575352, 13.690068, 26.987763, 27.087469, 22.063267, 27.966981, 21.153063, 36.723071, 36.067889, 12.604982, 33.199615, 24.892251, 8.62376, 14.91067, 25.059397, 11.910681, 36.612722, 22.920726, 24.92478, 33.399778, 6.763356, 37.793519, 35.11729, 21.600281, 34.020855, 5.272457, 19.871992], [21.03253, 34.863333, 0.0, 18.658507, 24.911438, 12.053106, 47.685102, 15.872062, 17.082623, 29.096345, 37.854631, 15.061186, 11.641102, 17.538989, 28.012581, 37.282818, 10.540984, 28.646451, 24.49988, 14.764212, 31.978404, 45.676493, 30.321329, 26.692956, 7.576204, 41.414785, 26.453157, 6.438585, 19.597985, 7.64657, 29.595785, 21.03253], [2.687325, 20.086461, 18.658507, 0.0, 6.280162, 20.676971, 30.848044, 6.9158, 22.140088, 11.544862, 20.936768, 4.327447, 16.908904, 29.000224, 9.810432, 22.517057, 8.553409, 17.990085, 18.362179, 5.141513, 23.547076, 29.844013, 12.936424, 10.770616, 14.433144, 25.605157, 19.611991, 22.065427, 19.405824, 21.841074, 15.581204, 2.687325], [3.967755, 17.578045, 24.911438, 6.280162, 0.0, 26.344389, 26.215543, 11.301549, 27.109399, 6.500399, 15.671032, 10.389185, 21.867474, 34.614372, 5.165608, 18.548175, 14.802823, 18.35645, 20.728536, 10.689551, 24.191611, 24.90691, 7.878439, 7.804009, 20.18489, 21.910581, 20.215476, 28.281198, 23.518837, 27.982877, 14.324051, 3.967755], [23.353756, 29.575352, 12.053106, 20.676971, 26.344389, 0.0, 43.233489, 21.949623, 5.193152, 32.210505, 41.611985, 16.37325, 22.566599, 8.323885, 27.307022, 42.812662, 13.105981, 21.624383, 15.912526, 19.571421, 23.117376, 50.470075, 33.608535, 31.150341, 17.704829, 36.32712, 35.348063, 7.453281, 9.345996, 5.805949, 24.586238, 23.353756], [29.682118, 13.690068, 47.685102, 30.848044, 26.215543, 43.233489, 0.0, 37.277326, 40.749442, 27.845413, 29.529362, 33.096385, 47.704625, 49.728511, 21.280261, 35.794503, 37.315294, 22.143285, 28.439589, 35.983106, 23.902423, 35.958201, 28.050452, 31.59924, 45.128402, 7.070379, 45.016366, 48.530269, 35.239223, 47.515126, 18.686459, 29.682118], [7.596942, 26.987763, 15.872062, 6.9158, 11.301549, 21.949623, 37.277326, 0.0, 24.809551, 13.651266, 22.022541, 7.89462, 10.566273, 29.992106, 15.999303, 21.591372, 8.942211, 24.56807, 24.010526, 2.787758, 29.91371, 29.860259, 14.74502, 10.86422, 9.518426, 32.354339, 14.169714, 20.930919, 23.46224, 21.243547, 22.481722, 7.596942], [24.699648, 27.087469, 17.082623, 22.140088, 27.109399, 5.193152, 40.749442, 24.809551, 0.0, 33.369403, 42.736239, 18.094728, 27.000178, 8.980554, 27.082473, 44.651142, 15.902968, 18.657009, 12.470566, 22.189408, 19.084075, 51.855824, 34.783015, 32.899078, 22.06945, 33.712775, 38.723918, 12.597318, 5.541071, 10.924967, 22.486341, 24.699648], [8.860182, 22.063267, 29.096345, 11.544862, 6.500399, 32.210505, 27.845413, 13.651266, 33.369403, 0.0, 9.409447, 15.870051, 23.530247, 40.530474, 9.764411, 12.125589, 19.84528, 24.36771, 27.171452, 14.333489, 30.175904, 18.500048, 1.413617, 3.909547, 23.169643, 25.004166, 17.181191, 33.29399, 29.972102, 33.214557, 19.823576, 8.860182], [18.258295, 27.966981, 37.854631, 20.936768, 15.671032, 41.611985, 29.529362, 22.022541, 42.736239, 9.409447, 0.0, 25.254179, 30.715153, 49.9339, 17.425165, 6.357454, 29.102154, 32.191375, 35.817888, 23.244804, 37.813633, 9.319173, 8.004999, 11.163904, 31.343107, 28.902481, 19.822691, 42.432002, 39.164824, 42.443951, 27.126536, 18.258295], [7.014771, 21.153063, 15.061186, 4.327447, 10.389185, 16.37325, 33.096385, 7.89462, 18.094728, 15.870051, 25.254179, 0.0, 15.781757, 24.69686, 12.954663, 26.611589, 4.561989, 17.224235, 16.131939, 5.145663, 22.288197, 34.107261, 17.258374, 14.872422, 12.250738, 27.271445, 21.935917, 17.906333, 15.905314, 17.596127, 16.132747, 7.014771], [18.103233, 36.723071, 11.641102, 16.908904, 21.867474, 22.566599, 47.704625, 10.566273, 27.000178, 23.530247, 30.715153, 15.781757, 0.0, 29.059642, 26.472349, 28.563458, 13.371054, 32.859981, 30.657484, 11.774469, 37.548198, 37.176057, 24.404079, 20.104789, 4.936789, 42.488329, 15.516621, 18.073253, 27.813596, 19.172823, 31.8478, 18.103233], [31.675659, 36.067889, 17.538989, 29.000224, 34.614372, 8.323885, 49.728511, 29.992106, 8.980554, 40.530474, 49.9339, 24.69686, 29.059642, 0.0, 35.305389, 51.082829, 21.297979, 27.620745, 21.389146, 27.733417, 27.615963, 58.78843, 41.929797, 39.450806, 24.497301, 42.68802, 42.930253, 11.1858, 14.497678, 9.901996, 31.427616, 31.675659], [8.40266, 12.604982, 28.012581, 9.810432, 5.165608, 27.307022, 21.280261, 15.999303, 27.082473, 9.764411, 17.425165, 12.954663, 26.472349, 35.305389, 0.0, 21.620325, 17.505162, 14.841636, 18.52628, 14.856087, 20.575548, 26.696012, 10.836514, 12.332792, 24.243385, 16.749011, 25.272408, 30.470036, 22.704196, 29.906991, 10.074804, 8.40266], [20.024791, 33.199615, 37.282818, 22.517057, 18.548175, 42.812662, 35.794503, 21.591372, 44.651142, 12.125589, 6.357454, 26.611589, 28.563458, 51.082829, 21.620325, 0.0, 29.807704, 36.409205, 39.273008, 23.463857, 42.183978, 8.613245, 10.863162, 11.752316, 30.168598, 34.783023, 15.378848, 42.520134, 41.714092, 42.782811, 31.663586, 20.024791], [11.159435, 24.892251, 10.540984, 8.553409, 14.802823, 13.105981, 37.315294, 8.942211, 15.902968, 19.84528, 29.102154, 4.561989, 13.371054, 21.297979, 17.505162, 29.807704, 0.0, 19.807878, 17.289973, 6.466675, 24.228155, 37.676123, 21.190181, 18.274834, 9.002504, 31.25336, 22.849819, 13.51919, 15.130056, 13.369504, 19.700743, 11.159435], [18.95126, 8.62376, 28.646451, 17.990085, 18.35645, 21.624383, 22.143285, 24.56807, 18.657009, 24.36771, 32.191375, 17.224235, 32.859981, 27.620745, 14.841636, 36.409205, 19.807878, 0.0, 6.304493, 22.085858, 5.835365, 41.381245, 25.558971, 26.146899, 28.793903, 15.082504, 37.452774, 27.813825, 13.123478, 26.544029, 5.385623, 18.95126], [20.092683, 14.91067, 24.49988, 18.362179, 20.728536, 15.912526, 28.439589, 24.010526, 12.470566, 27.171452, 35.817888, 16.131939, 30.657484, 21.389146, 18.52628, 39.273008, 17.289973, 6.304493, 0.0, 21.277552, 7.501708, 45.131923, 28.496871, 28.144262, 26.121353, 21.373501, 37.837911, 22.640053, 6.935911, 21.225202, 10.948125, 20.092683], [6.729369, 25.059397, 14.764212, 5.141513, 10.689551, 19.571421, 35.983106, 2.787758, 22.189408, 14.333489, 23.244804, 5.145663, 11.774469, 27.733417, 14.856087, 23.463857, 6.466675, 22.085858, 21.277552, 0.0, 27.322009, 31.506715, 15.573027, 12.164837, 9.50047, 30.718436, 16.947899, 19.230847, 20.692088, 19.366612, 20.347023, 6.729369], [24.67857, 11.910681, 31.978404, 23.547076, 24.191611, 23.117376, 23.902423, 29.91371, 19.084075, 30.175904, 37.813633, 22.288197, 37.548198, 27.615963, 20.575548, 42.183978, 24.228155, 5.835365, 7.501708, 27.322009, 0.0, 46.928445, 31.349165, 31.980036, 33.197099, 17.029898, 43.11389, 30.057909, 13.814704, 28.599822, 10.701249, 24.67857], [27.207295, 36.612722, 45.676493, 29.844013, 24.90691, 50.470075, 35.958201, 29.860259, 51.855824, 18.500048, 9.319173, 34.107261, 37.176057, 58.78843, 26.696012, 8.613245, 37.676123, 41.381245, 45.131923, 31.506715, 46.928445, 0.0, 17.088387, 19.402343, 38.681483, 36.636024, 23.597276, 50.709633, 48.425136, 50.871245, 36.22724, 27.207295], [10.255044, 22.920726, 30.321329, 12.936424, 7.878439, 33.608535, 28.050452, 14.74502, 34.783015, 1.413617, 8.004999, 17.258374, 24.404079, 41.929797, 10.836514, 10.863162, 21.190181, 25.558971, 28.496871, 15.573027, 31.349165, 17.088387, 0.0, 4.39092, 24.2534, 25.544815, 17.131112, 34.611991, 31.372275, 34.556291, 20.911048, 10.255044], [8.340296, 24.92478, 26.692956, 10.770616, 7.804009, 31.150341, 31.59924, 10.86422, 32.899078, 3.909547, 11.163904, 14.872422, 20.104789, 39.450806, 12.332792, 11.752316, 18.274834, 26.146899, 28.144262, 12.164837, 31.980036, 19.402343, 4.39092, 0.0, 20.258412, 28.414019, 13.438479, 31.395326, 30.068783, 31.496427, 22.07109, 8.340296], [16.229318, 33.399778, 7.576204, 14.433144, 20.18489, 17.704829, 45.128402, 9.518426, 22.06945, 23.169643, 31.343107, 12.250738, 4.936789, 24.497301, 24.243385, 30.168598, 9.002504, 28.793903, 26.121353, 9.50047, 33.197099, 38.681483, 24.2534, 20.258412, 0.0, 39.489547, 18.883544, 13.795877, 22.949154, 14.705943, 28.333837, 16.229318], [24.892395, 6.763356, 41.414785, 25.605157, 21.910581, 36.32712, 7.070379, 32.354339, 33.712775, 25.004166, 28.902481, 27.271445, 42.488329, 42.68802, 16.749011, 34.783023, 31.25336, 15.082504, 21.373501, 30.718436, 17.029898, 36.636024, 25.544815, 28.414019, 39.489547, 0.0, 41.758298, 41.857733, 28.192664, 40.776314, 11.954604, 24.892395], [18.536831, 37.793519, 26.453157, 19.611991, 20.215476, 35.348063, 45.016366, 14.169714, 38.723918, 17.181191, 19.822691, 21.935917, 15.516621, 42.930253, 25.272408, 15.378848, 22.849819, 37.452774, 37.837911, 16.947899, 43.11389, 23.597276, 17.131112, 13.438479, 18.883544, 41.758298, 0.0, 32.627971, 37.630974, 33.401799, 34.250202, 18.536831], [24.677953, 35.11729, 6.438585, 22.065427, 28.281198, 7.453281, 48.530269, 20.930919, 12.597318, 33.29399, 42.432002, 17.906333, 18.073253, 11.1858, 30.470036, 42.520134, 13.51919, 27.813825, 22.640053, 19.230847, 30.057909, 50.709633, 34.611991, 31.395326, 13.795877, 41.857733, 32.627971, 0.0, 16.540708, 1.684478, 29.909301, 24.677953], [21.728819, 21.600281, 19.597985, 19.405824, 23.518837, 9.345996, 35.239223, 23.46224, 5.541071, 29.972102, 39.164824, 15.905314, 27.813596, 14.497678, 22.704196, 41.714092, 15.130056, 13.123478, 6.935911, 20.692088, 13.814704, 48.425136, 31.372275, 30.068783, 22.949154, 28.192664, 37.630974, 16.540708, 0.0, 14.990987, 17.135993, 21.728819], [24.492118, 34.020855, 7.64657, 21.841074, 27.982877, 5.805949, 47.515126, 21.243547, 10.924967, 33.214557, 42.443951, 17.596127, 19.172823, 9.901996, 29.906991, 42.782811, 13.369504, 26.544029, 21.225202, 19.366612, 28.599822, 50.871245, 34.556291, 31.496427, 14.705943, 40.776314, 33.401799, 1.684478, 14.990987, 0.0, 28.850553, 24.492118], [15.832872, 5.272457, 29.595785, 15.581204, 14.324051, 24.586238, 18.686459, 22.481722, 22.486341, 19.823576, 27.126536, 16.132747, 31.8478, 31.427616, 10.074804, 31.663586, 19.700743, 5.385623, 10.948125, 20.347023, 10.701249, 36.22724, 20.911048, 22.07109, 28.333837, 11.954604, 34.250202, 29.909301, 17.135993, 28.850553, 0.0, 15.832872], [0.0, 19.871992, 21.03253, 2.687325, 3.967755, 23.353756, 29.682118, 7.596942, 24.699648, 8.860182, 18.258295, 7.014771, 18.103233, 31.675659, 8.40266, 20.024791, 11.159435, 18.95126, 20.092683, 6.729369, 24.67857, 27.207295, 10.255044, 8.340296, 16.229318, 24.892395, 18.536831, 24.677953, 21.728819, 24.492118, 15.832872, 0.0]], "end_depot": 31, "horizon": [0.0, 840.0], "instance_name": "BB15", "profits": [0, 40, 40, 40, 40, 40, 40, 40, 40, 40, 40, 40, 40, 40, 40, 40, 0, 0, 0, 0, 0, 0, 0, 0, 0, 0, 0, 0, 0, 0, 0, 0], "requests": [[1, 16], [2, 17], [3, 18], [4, 19], [5, 20], [6, 21], [7, 22], [8, 23], [9, 24], [10, 25], [11, 26], [12, 27], [13, 28], [14, 29], [15, 30]], "speed_zone_count": 4, "speed_zones": [[0.0, 120.0], [120.0, 600.0], [600.0, 720.0], [720.0, 840.0]], "start_depot": 0, "time_windows": [[0.0, 840.0], [398.0, 458.0], [263.0, 323.0], [14.0, 74.0], [319.0, 379.0], [329.0, 389.0], [139.0, 199.0], [43.0, 103.0], [66.0, 126.0], [450.0, 510.0], [286.0, 346.0], [320.0, 380.0], [205.0, 265.0], [43.0, 103.0], [327.0, 387.0], [236.0, 296.0], [422.0, 482.0], [291.0, 351.0], [32.0, 92.0], [329.0, 389.0], [352.0, 412.0], [174.0, 234.0], [57.0, 117.0], [98.0, 158.0], [473.0, 533.0], [314.0, 374.0], [341.0, 401.0], [223.0, 283.0], [57.0, 117.0], [356.0, 416.0], [267.0, 327.0], [0.0, 840.0]], "vehicle_count": 30}