{"capacity": 20, "cluster_count": 5, "cluster_speeds": [[0.5, 0.81, 0.5, 0.81], [0.67, 1.33, 0.88, 1.33], [0.88, 1.33, 0.67, 1.33], [0.85, 1.5, 0.85, 1.5], [1.0, 2.0, 1.0, 2.0]], "clusters": [[3, 3, 3, 4, 3, 4, 2, 3, 3, 4, 0, 3, 3, 2, 2, 0, 4, 0, 1, 2, 1, 3, 2, 2, 3, 0, 0, 2, 3, 4, 0, 4, 4, 3, 0, 3, 1, 2, 3, 3, 3, 4, 4, 3, 4, 2, 4, 3, 4, 1, 0, 4], [4, 2, 1, 3, 3, 4, 0, 1, 0, 4, 2, 3, 2, 4, 4, 0, 0, 3, 2, 3, 1, 3, 0, 1, 4, 3, 0, 2, 2, 0, 1, 4, 0, 3, 1, 0, 3, 0, 2, 4, 3, 3, 1, 2, 3, 2, 1, 2, 4, 4, 3, 1], [0, 1, 2, 3, 0, 3, 1, 4, 4, 2, 3, 3, 2, 4, 0, 4, 0, 1, 1, 2, 2, 0, 4, 3, 4, 2, 2, 2, 2, 4, 3, 4, 1, 3, 2, 4, 4, 0, 4, 2, 3, 0, 0, 0, 3, 0, 2, 4, 3, 1, 2, 1], [2, 0, 1, 2, 2, 4, 4, 4, 0, 4, 2, 0, 1, 4, 4, 2, 3, 3, 0, 3, 4, 4, 4, 2, 1, 4, 2, 2, 3, 0, 3, 2, 1, 4, 2, 0, 0, 4, 2, 1, 3, 3, 3, 0, 3, 3, 1, 4, 3, 1, 4, 3], [3, 0, 3, 2, 3, 1, 4, 2, 0, 1, 3, 3, 2, 3, 2, 1, 0, 0, 0, 2, 2, 2, 3, 2, 3, 1, 2, 2, 2, 0, 0, 4, 1, 2, 0, 4, 0, 1, 1, 0, 4, 4, 2, 1, 3, 4, 0, 1, 4, 0, 4, 0], [2, 2, 0, 0, 1, 4, 3, 3, 3, 0, 3, 2, 0, 3, 0, 2, 0, 3, 3, 0, 2, 0, 2, 4, 0, 0, 3, 4, 3, 3, 0, 0, 4, 3, 2, 4, 3, 1, 4, 4, 0, 1, 1, 2, 0, 4, 3, 1, 4, 2, 3, 3], [0, 0, 4, 4, 1, 2, 0, 1, 1, 4, 4, 1, 1, 1, 2, 3, 1, 0, 1, 0, 2, 2, 2, 4, 1, 3, 2, 2, 0, 0, 1, 2, 4, 3, 3, 1, 2, 3, 4, 4, 2, 2, 4, 2, 1, 0, 3, 3, 3, 3, 3, 1], [1, 0, 3, 0, 1, 1, 4, 2, 1, 2, 3, 0, 1, 0, 3, 2, 0, 2, 4, 0, 1, 1, 1, 2, 0, 0, 4, 3, 3, 4, 0, 4, 2, 3, 1, 2, 1, 0, 4, 3, 2, 1, 4, 2, 0, 2, 2, 0, 2, 3, 0, 3], [0, 0, 1, 2, 2, 3, 4, 1, 3, 0, 0, 2, 1, 1, 3, 3, 4, 1, 1, 3, 4, 2, 1, 1, 2, 1, 4, 1, 0, 1, 0, 0, 1, 0, 1, 2, 2, 3, 1, 3, 2, 0, 0, 0, 1, 2, 4, 1, 0, 1, 4, 0], [2, 0, 3, 2, 0, 3, 4, 0, 1, 4, 1, 2, 3, 4, 2, 1, 3, 0, 1, 0, 4, 1, 1, 0, 0, 0, 2, 2, 1, 0, 4, 0, 3, 3, 2, 1, 2, 1, 0, 1, 0, 1, 4, 4, 2, 3, 4, 4, 2, 3, 4, 2], [2, 0, 1, 1, 4, 2, 1, 4, 2, 0, 4, 3, 1, 2, 4, 2, 4, 3, 0, 3, 4, 4, 2, 0, 4, 3, 0, 2, 3, 4, 4, 1, 3, 3, 2, 2, 1, 3, 1, 0, 2, 1, 0, 3, 0, 4, 4, 2, 1, 1, 4, 3], [0, 0, 1, 2, 4, 0, 3, 0, 1, 1, 2, 4, 3, 0, 4, 2, 0, 3, 2, 2, 1, 1, 2, 1, 4, 3, 4, 1, 2, 3, 0, 4, 2, 3, 1, 1, 0, 3, 1, 1, 0, 1, 4, 4, 0, 0, 4, 3, 4, 3, 3, 4], [2, 3, 4, 0, 4, 3, 0, 0, 0, 2, 0, 2, 4, 4, 1, 1, 2, 2, 4, 2, 2, 4, 2, 4, 0, 2, 2, 1, 1, 3, 0, 3, 0, 0, 0, 2, 4, 2, 3, 0, 2, 3, 2, 4, 2, 0, 4, 3, 0, 2, 0, 2], [2, 0, 2, 2, 3, 3, 4, 1, 4, 0, 2, 3, 3, 0, 2, 2, 0, 3, 3, 0, 0, 0, 0, 0, 0, 0, 4, 3, 3, 0, 4, 1, 0, 1, 1, 2, 2, 3, 3, 3, 2, 3, 1, 2, 4, 4, 4, 4, 4, 3, 0, 2], [2, 3, 0, 2, 3, 0, 3, 2, 3, 2, 3, 2, 3, 4, 1, 2, 2, 2, 2, 3, 1, 1, 0, 2, 2, 2, 1, 4, 0, 0, 3, 4, 3, 2, 0, 0, 2, 4, 4, 1, 0, 0, 4, 3, 2, 3, 2, 4, 3, 4, 2, 0], [2, 3, 3, 4, 3, 1, 4, 3, 4, 0, 0, 3, 1, 3, 3, 1, 0, 3, 2, 3, 0, 2, 2, 3, 0, 4, 1, 2, 1, 0, 1, 2, 3, 2, 0, 2, 2, 1, 0, 4, 3, 0, 2, 4, 4, 2, 4, 4, 0, 1, 2, 2], [1, 4, 4, 0, 2, 4, 0, 0, 0, 1, 1, 3, 1, 1, 4, 3, 4, 0, 0, 1, 3, 1, 3, 1, 2, 4, 1, 3, 1, 3, 3, 3, 4, 4, 0, 4, 3, 1, 0, 0, 4, 1, 2, 1, 3, 0, 3, 2, 2, 2, 1, 2], [2, 4, 2, 4, 2, 1, 1, 1, 0, 2, 0, 4, 1, 3, 1, 2, 4, 2, 3, 2, 3, 1, 2, 2, 4, 3, 3, 2, 4, 2, 1, 3, 1, 2, 2, 2, 1, 1, 3, 3, 4, 3, 1, 1, 2, 3, 1, 1, 3, 1, 0, 4], [1, 4, 1, 0, 1, 2, 1, 1, 2, 4, 3, 4, 1, 3, 0, 0, 2, 4, 3, 1, 4, 1, 0, 0, 3, 2, 0, 0, 4, 2, 4, 2, 0, 1, 2, 2, 4, 1, 4, 2, 3, 2, 3, 2, 0, 3, 4, 4, 4, 2, 3, 3], [4, 4, 3, 2, 0, 3, 1, 2, 1, 2, 0, 2, 4, 4, 3, 4, 1, 1, 4, 0, 4, 2, 3, 1, 2, 2, 4, 0, 0, 2, 4, 1, 1, 3, 1, 4, 1, 0, 0, 2, 2, 3, 1, 1, 0, 0, 3, 0, 1, 2, 1, 0], [4, 3, 2, 0, 3, 1, 2, 2, 4, 0, 2, 3, 0, 0, 1, 4, 1, 3, 1, 4, 2, 2, 3, 3, 0, 1, 3, 1, 2, 1, 1, 3, 2, 2, 4, 0, 0, 0, 1, 0, 0, 0, 4, 3, 1, 0, 1, 4, 0, 0, 0, 2], [3, 0, 0, 0, 2, 0, 3, 2, 1, 3, 2, 0, 2, 4, 4, 2, 0, 3, 3, 3, 1, 2, 0, 3, 4, 3, 0, 2, 4, 3, 4, 3, 3, 0, 3, 1, 0, 4, 3, 4, 3, 4, 2, 3, 1, 0, 2, 0, 4, 4, 1, 3], [4, 2, 3, 1, 0, 0, 4, 0, 3, 4, 1, 4, 0, 2, 4, 1, 1, 3, 0, 0, 0, 3, 0, 1, 4, 2, 3, 0, 3, 3, 3, 2, 2, 3, 0, 2, 2, 2, 0, 4, 1, 2, 0, 1, 1, 0, 1, 4, 0, 0, 1, 3], [3, 2, 1, 3, 2, 1, 3, 2, 0, 1, 2, 3, 4, 1, 0, 0, 2, 4, 0, 4, 1, 2, 1, 1, 3, 0, 2, 2, 2, 1, 1, 0, 1, 2, 3, 0, 3, 2, 0, 1, 3, 1, 2, 0, 2, 4, 3, 0, 3, 1, 0, 2], [1, 2, 3, 3, 4, 3, 0, 1, 0, 1, 0, 2, 0, 1, 3, 4, 0, 0, 0, 0, 0, 0, 2, 3, 0, 4, 0, 2, 4, 0, 2, 0, 2, 0, 1, 1, 0, 0, 1, 4, 1, 1, 2, 1, 0, 0, 2, 3, 3, 1, 0, 2], [1, 1, 2, 0, 4, 3, 1, 4, 4, 1, 4, 2, 0, 2, 2, 3, 2, 4, 1, 0, 2, 0, 2, 0, 4, 2, 1, 0, 0, 1, 1, 4, 0, 1, 4, 2, 3, 4, 4, 3, 3, 0, 1, 2, 3, 3, 4, 3, 1, 0, 2, 4], [2, 1, 2, 4, 3, 2, 1, 3, 4, 2, 0, 1, 2, 2, 3, 4, 4, 4, 1, 2, 3, 0, 1, 4, 0, 2, 0, 1, 4, 3, 2, 0, 4, 0, 1, 1, 1, 4, 4, 0, 2, 2, 2, 2, 0, 3, 0, 4, 2, 4, 1, 2], [3, 2, 0, 4, 2, 0, 2, 1, 1, 1, 2, 3, 2, 1, 3, 2, 4, 4, 3, 1, 4, 0, 4, 2, 4, 0, 4, 0, 3, 2, 4, 1, 3, 4, 3, 4, 4, 3, 4, 1, 4, 3, 4, 0, 3, 1, 0, 2, 0, 2, 3, 0], [4, 2, 0, 2, 2, 1, 3, 4, 2, 3, 3, 1, 4, 0, 1, 2, 1, 4, 1, 3, 4, 4, 4, 2, 3, 2, 4, 3, 4, 3, 1, 2, 3, 0, 4, 1, 3, 1, 3, 4, 0, 4, 4, 4, 3, 4, 0, 3, 3, 4, 4, 0], [3, 0, 1, 2, 0, 3, 2, 0, 0, 4, 0, 1, 2, 2, 4, 3, 2, 0, 1, 1, 0, 3, 3, 2, 3, 4, 1, 1, 2, 0, 0, 1, 3, 3, 4, 3, 3, 4, 2, 4, 1, 1, 0, 1, 4, 1, 0, 4, 2, 1, 1, 1], [1, 2, 1, 1, 2, 4, 1, 1, 1, 1, 1, 2, 0, 0, 4, 4, 2, 0, 2, 1, 2, 2, 2, 2, 1, 0, 4, 0, 1, 4, 4, 0, 2, 3, 2, 0, 2, 0, 0, 3, 4, 0, 1, 3, 3, 4, 3, 2, 3, 2, 4, 3], [1, 0, 1, 3, 2, 4, 1, 3, 1, 2, 4, 2, 2, 1, 3, 2, 2, 2, 1, 1, 4, 3, 3, 3, 2, 2, 0, 4, 1, 1, 1, 1, 0, 4, 0, 0, 4, 4, 3, 2, 0, 0, 1, 1, 1, 1, 2, 1, 2, 1, 2, 0], [0, 2, 0, 3, 4, 1, 1, 3, 3, 2, 4, 3, 4, 2, 3, 4, 3, 1, 4, 3, 2, 2, 4, 1, 4, 2, 4, 2, 1, 3, 1, 0, 3, 0, 3, 3, 2, 2, 3, 4, 2, 1, 0, 0, 3, 4, 0, 0, 4, 1, 3, 2], [4, 0, 1, 4, 2, 0, 0, 2, 1, 2, 1, 4, 3, 2, 4, 4, 1, 4, 3, 2, 4, 1, 2, 0, 1, 1, 3, 0, 4, 4, 0, 2, 4, 4, 1, 1, 2, 4, 1, 0, 4, 1, 0, 0, 0, 0, 3, 1, 4, 3, 3, 0], [4, 2, 0, 2, 1, 1, 4, 2, 3, 0, 3, 0, 4, 2, 1, 4, 3, 2, 1, 2, 4, 1, 3, 2, 3, 1, 2, 4, 2, 0, 1, 0, 3, 2, 2, 2, 2, 0, 3, 4, 2, 1, 3, 1, 0, 3, 1, 0, 2, 1, 3, 1], [0, 0, 3, 0, 3, 4, 0, 3, 0, 2, 4, 4, 4, 1, 2, 1, 4, 0, 3, 3, 0, 2, 1, 2, 2, 3, 1, 0, 3, 1, 1, 2, 0, 2, 2, 0, 2, 4, 4, 2, 4, 1, 1, 3, 0, 3, 3, 1, 0, 0, 2, 4], [4, 4, 0, 1, 2, 2, 0, 0, 0, 1, 3, 2, 0, 0, 3, 4, 1, 4, 2, 4, 0, 3, 1, 2, 0, 2, 4, 2, 0, 3, 4, 2, 4, 4, 4, 3, 0, 4, 3, 2, 2, 2, 2, 3, 3, 3, 1, 3, 0, 0, 1, 4], [1, 3, 1, 2, 0, 4, 3, 3, 3, 3, 0, 4, 3, 2, 2, 2, 1, 0, 4, 0, 2, 2, 4, 0, 2, 0, 1, 4, 4, 4, 0, 1, 4, 2, 3, 3, 4, 3, 4, 1, 2, 1, 2, 0, 3, 4, 4, 2, 3, 4, 2, 1], [4, 4, 4, 3, 1, 0, 2, 1, 4, 4, 4, 0, 4, 1, 2, 3, 0, 0, 3, 4, 1, 0, 0, 3, 4, 3, 4, 2, 2, 3, 0, 1, 3, 1, 4, 0, 2, 2, 1, 1, 4, 2, 3, 2, 3, 3, 3, 2, 0, 2, 4, 2], [3, 4, 3, 1, 2, 3, 2, 0, 2, 1, 2, 4, 0, 2, 4, 2, 1, 1, 3, 3, 2, 1, 4, 4, 0, 0, 0, 0, 2, 1, 4, 2, 2, 4, 4, 3, 1, 0, 3, 0, 2, 4, 1, 3, 2, 3, 4, 3, 3, 2, 0, 2], [0, 3, 2, 1, 2, 3, 1, 3, 0, 1, 1, 1, 2, 0, 2, 2, 3, 3, 3, 1, 4, 4, 0, 0, 4, 2, 0, 1, 0, 0, 3, 2, 2, 4, 2, 0, 4, 3, 3, 3, 0, 4, 4, 0, 0, 0, 4, 1, 4, 1, 3, 4], [0, 2, 3, 4, 0, 3, 2, 3, 0, 2, 0, 2, 0, 1, 1, 4, 2, 3, 4, 3, 4, 1, 1, 0, 1, 3, 2, 0, 2, 4, 0, 4, 2, 3, 0, 0, 3, 0, 4, 1, 1, 4, 4, 2, 3, 4, 2, 3, 3, 1, 0, 0], [2, 4, 2, 3, 1, 0, 3, 1, 1, 1, 2, 3, 0, 0, 1, 3, 2, 1, 2, 0, 2, 0, 1, 4, 3, 0, 1, 3, 1, 1, 4, 0, 3, 0, 2, 3, 2, 1, 3, 0, 0, 3, 0, 2, 0, 3, 1, 4, 0, 1, 4, 0], [0, 3, 3, 3, 2, 4, 1, 4, 3, 0, 3, 4, 3, 1, 0, 2, 0, 2, 2, 4, 0, 1, 0, 2, 3, 3, 0, 1, 2, 4, 3, 3, 3, 4, 4, 0, 1, 1, 0, 0, 2, 0, 4, 1, 1, 1, 0, 3, 4, 2, 2, 1], [4, 3, 1, 2, 2, 3, 2, 2, 4, 4, 2, 1, 0, 2, 1, 4, 4, 3, 0, 4, 3, 3, 2, 4, 0, 0, 1, 4, 2, 0, 4, 2, 0, 0, 4, 0, 3, 3, 2, 3, 1, 1, 0, 0, 2, 3, 3, 2, 3, 3, 3, 3], [3, 4, 2, 1, 0, 3, 0, 3, 4, 2, 3, 0, 2, 0, 4, 2, 2, 4, 4, 1, 4, 3, 1, 1, 0, 3, 0, 2, 4, 3, 1, 0, 2, 2, 3, 4, 1, 4, 3, 3, 2, 1, 0, 0, 2, 2, 0, 3, 1, 4, 2, 0], [1, 0, 0, 4, 4, 0, 1, 4, 4, 1, 1, 1, 0, 0, 4, 4, 0, 0, 2, 3, 3, 2, 4, 0, 4, 3, 0, 4, 3, 3, 0, 3, 3, 4, 1, 0, 3, 0, 3, 2, 3, 4, 1, 3, 1, 3, 2, 1, 2, 4, 2, 1], [2, 1, 4, 0, 1, 3, 0, 1, 1, 4, 3, 1, 3, 2, 4, 1, 2, 4, 2, 0, 4, 1, 4, 4, 4, 4, 2, 4, 4, 0, 3, 3, 3, 3, 0, 0, 0, 3, 4, 2, 1, 3, 3, 2, 3, 2, 3, 4, 2, 0, 2, 4], [3, 1, 0, 1, 0, 3, 2, 0, 1, 0, 1, 0, 4, 3, 3, 4, 0, 1, 2, 1, 1, 2, 1, 4, 3, 1, 4, 2, 2, 0, 1, 4, 2, 0, 4, 3, 0, 0, 0, 4, 3, 2, 0, 0, 2, 4, 1, 2, 0, 0, 3, 0], [3, 2, 4, 2, 2, 2, 0, 2, 1, 1, 2, 2, 1, 3, 1, 0, 3, 4, 1, 4, 1, 3, 3, 4, 0, 4, 1, 0, 3, 1, 3, 3, 2, 2, 4, 4, 3, 4, 3, 3, 2, 2, 0, 4, 0, 0, 2, 1, 2, 3, 0, 4], [2, 4, 4, 2, 4, 4, 1, 1, 4, 0, 3, 1, 4, 1, 1, 0, 0, 4, 0, 2, 0, 0, 0, 4, 1, 0, 1, 4, 1, 3, 4, 3, 4, 2, 2, 0, 4, 4, 0, 3, 2, 1, 0, 0, 0, 1, 2, 3, 0, 1, 1, 3], [2, 0, 2, 4, 2, 4, 2, 2, 0, 3, 1, 0, 3, 3, 1, 2, 0, 0, 2, 4, 0, 2, 4, 3, 4, 4, 2, 0, 2, 2, 4, 3, 0, 2, 3, 0, 1, 3, 1, 1, 0, 2, 1, 3, 0, 4, 3, 1, 2, 3, 3, 2]], "dataset_name": "sun_et_al_2018", "demands": [0, 6, 20, 9, 20, 11, 14, 20, 12, 9, 16, 20, 7, 16, 7, 7, 6, 19, 16, 16, 20, 16, 12, 5, 19, 14, -6, -20, -9, -20, -11, -14, -20, -12, -9, -16, -20, -7, -16, -7, -7, -6, -19, -16, -16, -20, -16, -12, -5, -19, -14, 0], "digraph": {"arc_count": 2550, "arcs": [[0, 1, 1, 1, 1, 1, 1, 1, 1, 1, 1, 1, 1, 1, 1, 1, 1, 1, 1, 1, 1, 1, 1, 1, 1, 1, 1, 1, 1, 1, 1, 1, 1, 1, 1, 1, 1, 1, 1, 1, 1, 1, 1, 1, 1, 1, 1, 1, 1, 1, 1, 0], [0, 0, 1, 1, 1, 1, 1, 1, 1, 1, 1, 1, 1, 1, 1, 1, 1, 1, 1, 1, 1, 1, 1, 1, 1, 1, 1, 1, 1, 1, 1, 1, 1, 1, 1, 1, 1, 1, 1, 1, 1, 1, 1, 1, 1, 1, 1, 1, 1, 1, 1, 1], [0, 1, 0, 1, 1, 1, 1, 1, 1, 1, 1, 1, 1, 1, 1, 1, 1, 1, 1, 1, 1, 1, 1, 1, 1, 1, 1, 1, 1, 1, 1, 1, 1, 1, 1, 1, 1, 1, 1, 1, 1, 1, 1, 1, 1, 1, 1, 1, 1, 1, 1, 1], [0, 1, 1, 0, 1, 1, 1, 1, 1, 1, 1, 1, 1, 1, 1, 1, 1, 1, 1, 1, 1, 1, 1, 1, 1, 1, 1, 1, 1, 1, 1, 1, 1, 1, 1, 1, 1, 1, 1, 1, 1, 1, 1, 1, 1, 1, 1, 1, 1, 1, 1, 1], [0, 1, 1, 1, 0, 1, 1, 1, 1, 1, 1, 1, 1, 1, 1, 1, 1, 1, 1, 1, 1, 1, 1, 1, 1, 1, 1, 1, 1, 1, 1, 1, 1, 1, 1, 1, 1, 1, 1, 1, 1, 1, 1, 1, 1, 1, 1, 1, 1, 1, 1, 1], [0, 1, 1, 1, 1, 0, 1, 1, 1, 1, 1, 1, 1, 1, 1, 1, 1, 1, 1, 1, 1, 1, 1, 1, 1, 1, 1, 1, 1, 1, 1, 1, 1, 1, 1, 1, 1, 1, 1, 1, 1, 1, 1, 1, 1, 1, 1, 1, 1, 1, 1, 1], [0, 1, 1, 1, 1, 1, 0, 1, 1, 1, 1, 1, 1, 1, 1, 1, 1, 1, 1, 1, 1, 1, 1, 1, 1, 1, 1, 1, 1, 1, 1, 1, 1, 1, 1, 1, 1, 1, 1, 1, 1, 1, 1, 1, 1, 1, 1, 1, 1, 1, 1, 1], [0, 1, 1, 1, 1, 1, 1, 0, 1, 1, 1, 1, 1, 1, 1, 1, 1, 1, 1, 1, 1, 1, 1, 1, 1, 1, 1, 1, 1, 1, 1, 1, 1, 1, 1, 1, 1, 1, 1, 1, 1, 1, 1, 1, 1, 1, 1, 1, 1, 1, 1, 1], [0, 1, 1, 1, 1, 1, 1, 1, 0, 1, 1, 1, 1, 1, 1, 1, 1, 1, 1, 1, 1, 1, 1, 1, 1, 1, 1, 1, 1, 1, 1, 1, 1, 1, 1, 1, 1, 1, 1, 1, 1, 1, 1, 1, 1, 1, 1, 1, 1, 1, 1, 1], [0, 1, 1, 1, 1, 1, 1, 1, 1, 0, 1, 1, 1, 1, 1, 1, 1, 1, 1, 1, 1, 1, 1, 1, 1, 1, 1, 1, 1, 1, 1, 1, 1, 1, 1, 1, 1, 1, 1, 1, 1, 1, 1, 1, 1, 1, 1, 1, 1, 1, 1, 1], [0, 1, 1, 1, 1, 1, 1, 1, 1, 1, 0, 1, 1, 1, 1, 1, 1, 1, 1, 1, 1, 1, 1, 1, 1, 1, 1, 1, 1, 1, 1, 1, 1, 1, 1, 1, 1, 1, 1, 1, 1, 1, 1, 1, 1, 1, 1, 1, 1, 1, 1, 1], [0, 1, 1, 1, 1, 1, 1, 1, 1, 1, 1, 0, 1, 1, 1, 1, 1, 1, 1, 1, 1, 1, 1, 1, 1, 1, 1, 1, 1, 1, 1, 1, 1, 1, 1, 1, 1, 1, 1, 1, 1, 1, 1, 1, 1, 1, 1, 1, 1, 1, 1, 1], [0, 1, 1, 1, 1, 1, 1, 1, 1, 1, 1, 1, 0, 1, 1, 1, 1, 1, 1, 1, 1, 1, 1, 1, 1, 1, 1, 1, 1, 1, 1, 1, 1, 1, 1, 1, 1, 1, 1, 1, 1, 1, 1, 1, 1, 1, 1, 1, 1, 1, 1, 1], [0, 1, 1, 1, 1, 1, 1, 1, 1, 1, 1, 1, 1, 0, 1, 1, 1, 1, 1, 1, 1, 1, 1, 1, 1, 1, 1, 1, 1, 1, 1, 1, 1, 1, 1, 1, 1, 1, 1, 1, 1, 1, 1, 1, 1, 1, 1, 1, 1, 1, 1, 1], [0, 1, 1, 1, 1, 1, 1, 1, 1, 1, 1, 1, 1, 1, 0, 1, 1, 1, 1, 1, 1, 1, 1, 1, 1, 1, 1, 1, 1, 1, 1, 1, 1, 1, 1, 1, 1, 1, 1, 1, 1, 1, 1, 1, 1, 1, 1, 1, 1, 1, 1, 1], [0, 1, 1, 1, 1, 1, 1, 1, 1, 1, 1, 1, 1, 1, 1, 0, 1, 1, 1, 1, 1, 1, 1, 1, 1, 1, 1, 1, 1, 1, 1, 1, 1, 1, 1, 1, 1, 1, 1, 1, 1, 1, 1, 1, 1, 1, 1, 1, 1, 1, 1, 1], [0, 1, 1, 1, 1, 1, 1, 1, 1, 1, 1, 1, 1, 1, 1, 1, 0, 1, 1, 1, 1, 1, 1, 1, 1, 1, 1, 1, 1, 1, 1, 1, 1, 1, 1, 1, 1, 1, 1, 1, 1, 1, 1, 1, 1, 1, 1, 1, 1, 1, 1, 1], [0, 1, 1, 1, 1, 1, 1, 1, 1, 1, 1, 1, 1, 1, 1, 1, 1, 0, 1, 1, 1, 1, 1, 1, 1, 1, 1, 1, 1, 1, 1, 1, 1, 1, 1, 1, 1, 1, 1, 1, 1, 1, 1, 1, 1, 1, 1, 1, 1, 1, 1, 1], [0, 1, 1, 1, 1, 1, 1, 1, 1, 1, 1, 1, 1, 1, 1, 1, 1, 1, 0, 1, 1, 1, 1, 1, 1, 1, 1, 1, 1, 1, 1, 1, 1, 1, 1, 1, 1, 1, 1, 1, 1, 1, 1, 1, 1, 1, 1, 1, 1, 1, 1, 1], [0, 1, 1, 1, 1, 1, 1, 1, 1, 1, 1, 1, 1, 1, 1, 1, 1, 1, 1, 0, 1, 1, 1, 1, 1, 1, 1, 1, 1, 1, 1, 1, 1, 1, 1, 1, 1, 1, 1, 1, 1, 1, 1, 1, 1, 1, 1, 1, 1, 1, 1, 1], [0, 1, 1, 1, 1, 1, 1, 1, 1, 1, 1, 1, 1, 1, 1, 1, 1, 1, 1, 1, 0, 1, 1, 1, 1, 1, 1, 1, 1, 1, 1, 1, 1, 1, 1, 1, 1, 1, 1, 1, 1, 1, 1, 1, 1, 1, 1, 1, 1, 1, 1, 1], [0, 1, 1, 1, 1, 1, 1, 1, 1, 1, 1, 1, 1, 1, 1, 1, 1, 1, 1, 1, 1, 0, 1, 1, 1, 1, 1, 1, 1, 1, 1, 1, 1, 1, 1, 1, 1, 1, 1, 1, 1, 1, 1, 1, 1, 1, 1, 1, 1, 1, 1, 1], [0, 1, 1, 1, 1, 1, 1, 1, 1, 1, 1, 1, 1, 1, 1, 1, 1, 1, 1, 1, 1, 1, 0, 1, 1, 1, 1, 1, 1, 1, 1, 1, 1, 1, 1, 1, 1, 1, 1, 1, 1, 1, 1, 1, 1, 1, 1, 1, 1, 1, 1, 1], [0, 1, 1, 1, 1, 1, 1, 1, 1, 1, 1, 1, 1, 1, 1, 1, 1, 1, 1, 1, 1, 1, 1, 0, 1, 1, 1, 1, 1, 1, 1, 1, 1, 1, 1, 1, 1, 1, 1, 1, 1, 1, 1, 1, 1, 1, 1, 1, 1, 1, 1, 1], [0, 1, 1, 1, 1, 1, 1, 1, 1, 1, 1, 1, 1, 1, 1, 1, 1, 1, 1, 1, 1, 1, 1, 1, 0, 1, 1, 1, 1, 1, 1, 1, 1, 1, 1, 1, 1, 1, 1, 1, 1, 1, 1, 1, 1, 1, 1, 1, 1, 1, 1, 1], [0, 1, 1, 1, 1, 1, 1, 1, 1, 1, 1, 1, 1, 1, 1, 1, 1, 1, 1, 1, 1, 1, 1, 1, 1, 0, 1, 1, 1, 1, 1, 1, 1, 1, 1, 1, 1, 1, 1, 1, 1, 1, 1, 1, 1, 1, 1, 1, 1, 1, 1, 1], [0, 1, 1, 1, 1, 1, 1, 1, 1, 1, 1, 1, 1, 1, 1, 1, 1, 1, 1, 1, 1, 1, 1, 1, 1, 1, 0, 1, 1, 1, 1, 1, 1, 1, 1, 1, 1, 1, 1, 1, 1, 1, 1, 1, 1, 1, 1, 1, 1, 1, 1, 1], [0, 1, 1, 1, 1, 1, 1, 1, 1, 1, 1, 1, 1, 1, 1, 1, 1, 1, 1, 1, 1, 1, 1, 1, 1, 1, 1, 0, 1, 1, 1, 1, 1, 1, 1, 1, 1, 1, 1, 1, 1, 1, 1, 1, 1, 1, 1, 1, 1, 1, 1, 1], [0, 1, 1, 1, 1, 1, 1, 1, 1, 1, 1, 1, 1, 1, 1, 1, 1, 1, 1, 1, 1, 1, 1, 1, 1, 1, 1, 1, 0, 1, 1, 1, 1, 1, 1, 1, 1, 1, 1, 1, 1, 1, 1, 1, 1, 1, 1, 1, 1, 1, 1, 1], [0, 1, 1, 1, 1, 1, 1, 1, 1, 1, 1, 1, 1, 1, 1, 1, 1, 1, 1, 1, 1, 1, 1, 1, 1, 1, 1, 1, 1, 0, 1, 1, 1, 1, 1, 1, 1, 1, 1, 1, 1, 1, 1, 1, 1, 1, 1, 1, 1, 1, 1, 1], [0, 1, 1, 1, 1, 1, 1, 1, 1, 1, 1, 1, 1, 1, 1, 1, 1, 1, 1, 1, 1, 1, 1, 1, 1, 1, 1, 1, 1, 1, 0, 1, 1, 1, 1, 1, 1, 1, 1, 1, 1, 1, 1, 1, 1, 1, 1, 1, 1, 1, 1, 1], [0, 1, 1, 1, 1, 1, 1, 1, 1, 1, 1, 1, 1, 1, 1, 1, 1, 1, 1, 1, 1, 1, 1, 1, 1, 1, 1, 1, 1, 1, 1, 0, 1, 1, 1, 1, 1, 1, 1, 1, 1, 1, 1, 1, 1, 1, 1, 1, 1, 1, 1, 1], [0, 1, 1, 1, 1, 1, 1, 1, 1, 1, 1, 1, 1, 1, 1, 1, 1, 1, 1, 1, 1, 1, 1, 1, 1, 1, 1, 1, 1, 1, 1, 1, 0, 1, 1, 1, 1, 1, 1, 1, 1, 1, 1, 1, 1, 1, 1, 1, 1, 1, 1, 1], [0, 1, 1, 1, 1, 1, 1, 1, 1, 1, 1, 1, 1, 1, 1, 1, 1, 1, 1, 1, 1, 1, 1, 1, 1, 1, 1, 1, 1, 1, 1, 1, 1, 0, 1, 1, 1, 1, 1, 1, 1, 1, 1, 1, 1, 1, 1, 1, 1, 1, 1, 1], [0, 1, 1, 1, 1, 1, 1, 1, 1, 1, 1, 1, 1, 1, 1, 1, 1, 1, 1, 1, 1, 1, 1, 1, 1, 1, 1, 1, 1, 1, 1, 1, 1, 1, 0, 1, 1, 1, 1, 1, 1, 1, 1, 1, 1, 1, 1, 1, 1, 1, 1, 1], [0, 1, 1, 1, 1, 1, 1, 1, 1, 1, 1, 1, 1, 1, 1, 1, 1, 1, 1, 1, 1, 1, 1, 1, 1, 1, 1, 1, 1, 1, 1, 1, 1, 1, 1, 0, 1, 1, 1, 1, 1, 1, 1, 1, 1, 1, 1, 1, 1, 1, 1, 1], [0, 1, 1, 1, 1, 1, 1, 1, 1, 1, 1, 1, 1, 1, 1, 1, 1, 1, 1, 1, 1, 1, 1, 1, 1, 1, 1, 1, 1, 1, 1, 1, 1, 1, 1, 1, 0, 1, 1, 1, 1, 1, 1, 1, 1, 1, 1, 1, 1, 1, 1, 1], [0, 1, 1, 1, 1, 1, 1, 1, 1, 1, 1, 1, 1, 1, 1, 1, 1, 1, 1, 1, 1, 1, 1, 1, 1, 1, 1, 1, 1, 1, 1, 1, 1, 1, 1, 1, 1, 0, 1, 1, 1, 1, 1, 1, 1, 1, 1, 1, 1, 1, 1, 1], [0, 1, 1, 1, 1, 1, 1, 1, 1, 1, 1, 1, 1, 1, 1, 1, 1, 1, 1, 1, 1, 1, 1, 1, 1, 1, 1, 1, 1, 1, 1, 1, 1, 1, 1, 1, 1, 1, 0, 1, 1, 1, 1, 1, 1, 1, 1, 1, 1, 1, 1, 1], [0, 1, 1, 1, 1, 1, 1, 1, 1, 1, 1, 1, 1, 1, 1, 1, 1, 1, 1, 1, 1, 1, 1, 1, 1, 1, 1, 1, 1, 1, 1, 1, 1, 1, 1, 1, 1, 1, 1, 0, 1, 1, 1, 1, 1, 1, 1, 1, 1, 1, 1, 1], [0, 1, 1, 1, 1, 1, 1, 1, 1, 1, 1, 1, 1, 1, 1, 1, 1, 1, 1, 1, 1, 1, 1, 1, 1, 1, 1, 1, 1, 1, 1, 1, 1, 1, 1, 1, 1, 1, 1, 1, 0, 1, 1, 1, 1, 1, 1, 1, 1, 1, 1, 1], [0, 1, 1, 1, 1, 1, 1, 1, 1, 1, 1, 1, 1, 1, 1, 1, 1, 1, 1, 1, 1, 1, 1, 1, 1, 1, 1, 1, 1, 1, 1, 1, 1, 1, 1, 1, 1, 1, 1, 1, 1, 0, 1, 1, 1, 1, 1, 1, 1, 1, 1, 1], [0, 1, 1, 1, 1, 1, 1, 1, 1, 1, 1, 1, 1, 1, 1, 1, 1, 1, 1, 1, 1, 1, 1, 1, 1, 1, 1, 1, 1, 1, 1, 1, 1, 1, 1, 1, 1, 1, 1, 1, 1, 1, 0, 1, 1, 1, 1, 1, 1, 1, 1, 1], [0, 1, 1, 1, 1, 1, 1, 1, 1, 1, 1, 1, 1, 1, 1, 1, 1, 1, 1, 1, 1, 1, 1, 1, 1, 1, 1, 1, 1, 1, 1, 1, 1, 1, 1, 1, 1, 1, 1, 1, 1, 1, 1, 0, 1, 1, 1, 1, 1, 1, 1, 1], [0, 1, 1, 1, 1, 1, 1, 1, 1, 1, 1, 1, 1, 1, 1, 1, 1, 1, 1, 1, 1, 1, 1, 1, 1, 1, 1, 1, 1, 1, 1, 1, 1, 1, 1, 1, 1, 1, 1, 1, 1, 1, 1, 1, 0, 1, 1, 1, 1, 1, 1, 1], [0, 1, 1, 1, 1, 1, 1, 1, 1, 1, 1, 1, 1, 1, 1, 1, 1, 1, 1, 1, 1, 1, 1, 1, 1, 1, 1, 1, 1, 1, 1, 1, 1, 1, 1, 1, 1, 1, 1, 1, 1, 1, 1, 1, 1, 0, 1, 1, 1, 1, 1, 1], [0, 1, 1, 1, 1, 1, 1, 1, 1, 1, 1, 1, 1, 1, 1, 1, 1, 1, 1, 1, 1, 1, 1, 1, 1, 1, 1, 1, 1, 1, 1, 1, 1, 1, 1, 1, 1, 1, 1, 1, 1, 1, 1, 1, 1, 1, 0, 1, 1, 1, 1, 1], [0, 1, 1, 1, 1, 1, 1, 1, 1, 1, 1, 1, 1, 1, 1, 1, 1, 1, 1, 1, 1, 1, 1, 1, 1, 1, 1, 1, 1, 1, 1, 1, 1, 1, 1, 1, 1, 1, 1, 1, 1, 1, 1, 1, 1, 1, 1, 0, 1, 1, 1, 1], [0, 1, 1, 1, 1, 1, 1, 1, 1, 1, 1, 1, 1, 1, 1, 1, 1, 1, 1, 1, 1, 1, 1, 1, 1, 1, 1, 1, 1, 1, 1, 1, 1, 1, 1, 1, 1, 1, 1, 1, 1, 1, 1, 1, 1, 1, 1, 1, 0, 1, 1, 1], [0, 1, 1, 1, 1, 1, 1, 1, 1, 1, 1, 1, 1, 1, 1, 1, 1, 1, 1, 1, 1, 1, 1, 1, 1, 1, 1, 1, 1, 1, 1, 1, 1, 1, 1, 1, 1, 1, 1, 1, 1, 1, 1, 1, 1, 1, 1, 1, 1, 0, 1, 1], [0, 1, 1, 1, 1, 1, 1, 1, 1, 1, 1, 1, 1, 1, 1, 1, 1, 1, 1, 1, 1, 1, 1, 1, 1, 1, 1, 1, 1, 1, 1, 1, 1, 1, 1, 1, 1, 1, 1, 1, 1, 1, 1, 1, 1, 1, 1, 1, 1, 1, 0, 1], [0, 0, 0, 0, 0, 0, 0, 0, 0, 0, 0, 0, 0, 0, 0, 0, 0, 0, 0, 0, 0, 0, 0, 0, 0, 0, 0, 0, 0, 0, 0, 0, 0, 0, 0, 0, 0, 0, 0, 0, 0, 0, 0, 0, 0, 0, 0, 0, 0, 0, 0, 0]], "coordinates": [[25.0, 25.0], [30.792, 21.611], [49.256, 1.163], [31.284, 41.613], [49.04, 6.118], [43.522, 5.032], [20.092, 47.851], [29.362, 43.857], [43.592, 16.373], [8.425, 35.962], [22.59, 4.106], [23.546, 22.74], [24.54, 28.941], [10.773, 6.48], [8.468, 49.652], [29.079, 18.591], [6.213, 8.965], [30.165, 32.199], [36.175, 39.439], [21.201, 19.103], [33.213, 8.867], [5.536, 0.01], [20.402, 32.033], [41.624, 36.164], [6.121, 13.83], [2.914, 17.905], [1.927, 28.76], [40.713, 20.398], [23.997, 42.655], [4.641, 41.602], [19.457, 28.911], [49.712, 41.703], [27.729, 30.525], [29.411, 35.205], [21.106, 14.542], [6.231, 27.622], [5.233, 21.397], [26.298, 18.397], [0.415, 27.147], [44.045, 44.43], [31.177, 33.186], [32.344, 28.953], [28.282, 9.106], [7.452, 42.655], [43.067, 20.853], [16.577, 1.804], [5.976, 14.501], [15.093, 2.601], [10.374, 31.063], [24.231, 25.224], [28.297, 11.78], [25.0, 25.0]], "vertex_count": 52}, "distances": [[0.0, 6.710632, 34.008177, 17.761769, 30.5688, 27.23574, 23.372134, 19.354935, 20.496038, 19.871992, 21.03253, 2.687325, 3.967755, 23.353756, 29.682118, 7.596942, 24.699648, 8.860182, 18.258295, 7.014771, 18.103233, 31.675659, 8.40266, 20.024791, 21.935942, 23.197638, 23.377359, 16.37305, 17.683468, 26.270045, 6.783861, 29.827389, 6.162229, 11.117506, 11.159435, 18.95126, 20.092683, 6.729369, 24.67857, 27.207295, 10.255044, 8.340296, 16.229318, 24.892395, 18.536831, 24.677953, 21.728819, 24.492118, 15.832872, 0.80096, 13.624926, 0.0], [6.710632, 0.0, 27.550681, 20.00805, 23.937889, 20.902539, 28.337742, 22.291914, 13.83028, 26.575061, 19.331266, 7.333427, 9.634127, 25.093974, 35.842135, 3.471998, 27.641428, 10.606549, 18.62295, 9.913493, 12.971923, 33.233548, 14.716324, 18.141721, 25.868943, 28.123252, 29.737122, 9.994879, 22.113841, 32.916787, 13.482293, 27.598095, 9.42557, 13.663967, 11.99122, 25.285862, 25.559896, 5.525019, 30.877329, 26.388421, 11.581401, 7.504243, 12.754416, 31.426192, 12.298382, 24.379981, 25.814452, 24.654385, 22.499667, 7.490026, 10.142662, 6.710632], [34.008177, 27.550681, 0.0, 44.262798, 4.959706, 6.917219, 55.048236, 47.101474, 16.230373, 53.648308, 26.827911, 33.564431, 37.181957, 38.848575, 63.362797, 26.661705, 43.744383, 36.437612, 40.449533, 33.30055, 17.796895, 43.735201, 42.255298, 35.82342, 44.956436, 49.273477, 54.787121, 21.046807, 48.575746, 60.214707, 40.71771, 40.542564, 36.407949, 39.404083, 31.167614, 50.509695, 48.45038, 28.706803, 55.322794, 43.579672, 36.773941, 32.531521, 22.42766, 58.89958, 20.639763, 32.685286, 45.288637, 34.193251, 49.049158, 34.715736, 23.494688, 34.008177], [17.761769, 20.00805, 44.262798, 0.0, 39.688418, 38.573802, 12.813021, 2.954593, 28.081034, 23.547137, 38.501437, 20.397715, 14.354829, 40.682045, 24.190812, 23.127354, 41.16366, 9.480272, 5.352397, 24.665097, 32.802768, 48.92616, 14.49808, 11.687908, 37.484285, 36.971965, 32.047356, 23.215992, 7.361123, 26.643002, 17.355654, 18.42822, 11.643958, 6.676121, 28.921112, 28.694963, 32.974858, 23.745375, 34.090473, 13.068229, 8.427679, 12.704298, 32.645322, 23.854769, 23.870833, 42.438807, 37.088481, 42.238426, 23.42073, 17.842201, 29.982162, 17.761769], [30.5688, 23.937889, 4.959706, 39.688418, 0.0, 5.623853, 50.790058, 42.561201, 11.612309, 50.400819, 26.526414, 30.434108, 33.483419, 38.268712, 59.508792, 23.537571, 42.921525, 32.194474, 35.718304, 30.718401, 16.063964, 43.930692, 38.622821, 30.947684, 43.60637, 47.608206, 52.271359, 16.530497, 44.295646, 56.83648, 37.345344, 35.591345, 32.401549, 35.090614, 29.176568, 47.906497, 46.395055, 25.845162, 52.977443, 38.636244, 32.430902, 28.287694, 20.971951, 55.358054, 15.89959, 32.748389, 43.872346, 34.128699, 46.014265, 31.313347, 21.501867, 30.5688], [27.23574, 20.902539, 6.917219, 38.573802, 5.623853, 0.0, 48.810159, 41.32658, 11.341216, 46.781025, 20.952472, 26.694828, 30.527964, 32.780996, 56.742641, 19.810268, 37.51573, 30.273013, 35.182667, 26.385983, 10.999214, 38.316533, 35.546989, 31.189803, 38.421864, 42.599575, 47.886971, 15.620641, 42.387684, 53.376934, 33.901783, 37.189761, 29.988529, 33.309612, 24.34989, 43.599619, 41.639654, 21.801133, 48.448805, 39.401471, 30.741613, 26.403824, 15.775141, 52.12039, 15.827541, 27.137668, 38.721623, 28.53275, 42.147395, 27.925965, 16.653412, 27.23574], [23.372134, 28.337742, 55.048236, 12.813021, 50.790058, 48.810159, 0.0, 10.093807, 39.282496, 16.657347, 43.816264, 25.347435, 19.426086, 42.407587, 11.762694, 30.609047, 41.28859, 18.613179, 18.150059, 28.769383, 41.132869, 50.006384, 15.821037, 24.499245, 36.777946, 34.523131, 26.352106, 34.335009, 6.499803, 16.666835, 18.950642, 30.251319, 18.934467, 15.708758, 33.324431, 24.52223, 30.341457, 30.100707, 28.562912, 24.196063, 18.383129, 22.52212, 39.601151, 13.66631, 35.450566, 46.180964, 36.214416, 45.525295, 19.397847, 23.002444, 36.992419, 23.372134], [19.354935, 22.291914, 47.101474, 2.954593, 42.561201, 41.32658, 10.093807, 0.0, 30.949364, 22.376081, 40.323715, 21.903277, 15.676056, 41.744354, 21.682741, 25.267585, 41.872758, 11.685622, 8.12008, 26.064582, 35.201283, 49.902281, 14.835383, 14.475458, 37.970578, 37.054055, 31.314512, 26.060888, 5.498002, 24.823635, 17.930196, 20.46368, 13.431639, 8.652139, 30.45539, 28.259837, 32.96453, 25.643707, 33.423837, 14.694176, 10.824254, 15.199393, 34.767778, 21.942947, 26.777062, 43.95351, 37.532382, 43.653888, 22.896082, 19.326558, 32.094675, 19.354935], [20.496038, 13.83028, 16.230373, 28.081034, 11.612309, 11.341216, 39.282496, 30.949364, 0.0, 40.254774, 24.322074, 21.032851, 22.823964, 34.277663, 48.385816, 14.681509, 38.106011, 20.754436, 24.229161, 22.556812, 12.808734, 41.424714, 27.982346, 19.888607, 37.557192, 40.706839, 43.467344, 4.948663, 32.782732, 46.407789, 27.19742, 26.058843, 21.258266, 23.574244, 22.560425, 39.017744, 38.686606, 17.412036, 44.500926, 28.060657, 20.899981, 16.875245, 16.947135, 44.686051, 4.510657, 30.693093, 37.662552, 31.652188, 36.321228, 21.288225, 15.969742, 20.496038], [19.871992, 26.575061, 53.648308, 23.547137, 50.400819, 46.781025, 16.657347, 22.376081, 40.254774, 0.0, 34.863333, 20.086461, 17.578045, 29.575352, 13.690068, 26.987763, 27.087469, 22.063267, 27.966981, 21.153063, 36.723071, 36.067889, 12.604982, 33.199615, 22.251603, 18.879258, 9.700145, 35.843452, 16.949438, 6.791779, 13.092808, 41.684235, 20.055059, 20.999649, 24.892251, 8.62376, 14.91067, 25.059397, 11.910681, 36.612722, 22.920726, 24.92478, 33.399778, 6.763356, 37.793519, 35.11729, 21.600281, 34.020855, 5.272457, 19.108487, 31.299609, 19.871992], [21.03253, 19.331266, 26.827911, 38.501437, 26.526414, 20.952472, 43.816264, 40.323715, 24.322074, 34.863333, 0.0, 18.658507, 24.911438, 12.053106, 47.685102, 15.872062, 17.082623, 29.096345, 37.854631, 15.061186, 11.641102, 17.538989, 28.012581, 37.282818, 19.125484, 24.032423, 32.167985, 24.369497, 38.574669, 41.570622, 25.002074, 46.358789, 26.914176, 31.838245, 10.540984, 28.646451, 24.49988, 14.764212, 31.978404, 45.676493, 30.321329, 26.692956, 7.576204, 41.414785, 26.453157, 6.438585, 19.597985, 7.64657, 29.595785, 21.181662, 9.563479, 21.03253], [2.687325, 7.333427, 33.564431, 20.397715, 30.434108, 26.694828, 25.347435, 21.903277, 21.032851, 20.086461, 18.658507, 0.0, 6.280162, 20.676971, 30.848044, 6.9158, 22.140088, 11.544862, 20.936768, 4.327447, 16.908904, 29.000224, 9.810432, 22.517057, 19.570864, 21.190957, 22.441514, 17.326017, 19.920106, 26.705319, 7.402781, 32.314933, 8.837631, 13.775865, 8.553409, 17.990085, 18.362179, 5.141513, 23.547076, 29.844013, 12.936424, 10.770616, 14.433144, 25.605157, 19.611991, 22.065427, 19.405824, 21.841074, 15.581204, 2.576719, 11.945443, 2.687325], [3.967755, 9.634127, 37.181957, 14.354829, 33.483419, 30.527964, 19.426086, 15.676056, 22.823964, 17.578045, 24.911438, 6.280162, 0.0, 26.344389, 26.215543, 11.301549, 27.109399, 6.500399, 15.671032, 10.389185, 21.867474, 34.614372, 5.165608, 18.548175, 23.824397, 24.279151, 22.613724, 18.290675, 13.724746, 23.585401, 5.083089, 28.2223, 3.560727, 7.935007, 14.802823, 18.35645, 20.728536, 10.689551, 24.191611, 24.90691, 7.878439, 7.804009, 20.18489, 21.910581, 20.215476, 28.281198, 23.518837, 27.982877, 14.324051, 3.729822, 17.567441, 3.967755], [23.353756, 25.093974, 38.848575, 40.682045, 38.268712, 32.780996, 42.407587, 41.744354, 34.277663, 29.575352, 12.053106, 20.676971, 26.344389, 0.0, 43.233489, 21.949623, 5.193152, 32.210505, 41.611985, 16.37325, 22.566599, 8.323885, 27.307022, 42.812662, 8.698483, 13.867029, 23.971861, 33.016879, 38.516293, 35.653279, 24.053308, 52.506242, 29.422236, 34.241797, 13.105981, 21.624383, 15.912526, 19.571421, 23.117376, 50.470075, 33.608535, 31.150341, 17.704829, 36.32712, 35.348063, 7.453281, 9.345996, 5.805949, 24.586238, 23.074993, 18.307938, 23.353756], [29.682118, 35.842135, 63.362797, 24.190812, 59.508792, 56.742641, 11.762694, 21.682741, 48.385816, 13.690068, 47.685102, 30.848044, 26.215543, 43.233489, 0.0, 37.277326, 40.749442, 27.845413, 29.529362, 33.096385, 47.704625, 49.728511, 21.280261, 35.794503, 35.898804, 32.229163, 21.892016, 43.53776, 17.032553, 8.913385, 23.472265, 42.003025, 27.14458, 25.442584, 37.315294, 22.143285, 28.439589, 35.983106, 23.902423, 35.958201, 28.050452, 31.59924, 45.128402, 7.070379, 45.016366, 48.530269, 35.239223, 47.515126, 18.686459, 29.072312, 42.749007, 29.682118], [7.596942, 3.471998, 26.661705, 23.127354, 23.537571, 19.810268, 30.609047, 25.267585, 14.681509, 26.987763, 15.872062, 6.9158, 11.301549, 21.949623, 37.277326, 0.0, 24.809551, 13.651266, 22.022541, 7.89462, 10.566273, 29.992106, 15.999303, 21.591372, 23.446468, 26.173991, 28.993787, 11.773496, 24.594772, 33.566679, 14.109758, 30.982015, 12.010115, 16.617317, 8.942211, 24.56807, 24.010526, 2.787758, 29.91371, 29.860259, 14.74502, 10.86422, 9.518426, 32.354339, 14.169714, 20.930919, 23.46224, 21.243547, 22.481722, 8.215826, 6.855745, 7.596942], [24.699648, 27.641428, 43.744383, 41.16366, 42.921525, 37.51573, 41.28859, 41.872758, 38.106011, 27.087469, 17.082623, 22.140088, 27.109399, 5.193152, 40.749442, 24.809551, 0.0, 33.369403, 42.736239, 18.094728, 27.000178, 8.980554, 27.082473, 44.651142, 4.86587, 9.529271, 20.253687, 36.345061, 38.095758, 32.674837, 23.942566, 54.442076, 30.459348, 35.02406, 15.902968, 18.657009, 12.470566, 22.189408, 19.084075, 51.855824, 34.783015, 32.899078, 22.06945, 33.712775, 38.723918, 12.597318, 5.541071, 10.924967, 22.486341, 24.269392, 22.262688, 24.699648], [8.860182, 10.606549, 36.437612, 9.480272, 32.194474, 30.273013, 18.613179, 11.685622, 20.754436, 22.063267, 29.096345, 11.544862, 6.500399, 32.210505, 27.845413, 13.651266, 33.369403, 0.0, 9.409447, 15.870051, 23.530247, 40.530474, 9.764411, 12.125589, 30.257794, 30.772316, 28.446641, 15.827947, 12.139694, 27.200937, 11.201438, 21.735023, 2.955735, 3.099121, 19.84528, 24.36771, 27.171452, 14.333489, 30.175904, 18.500048, 1.413617, 3.909547, 23.169643, 25.004166, 17.181191, 33.29399, 29.972102, 33.214557, 19.823576, 9.157673, 20.504267, 8.860182], [18.258295, 18.62295, 40.449533, 5.352397, 35.718304, 35.182667, 18.150059, 8.12008, 24.229161, 27.966981, 37.854631, 20.936768, 15.671032, 41.611985, 29.529362, 22.022541, 42.736239, 9.409447, 0.0, 25.254179, 30.715153, 49.9339, 17.425165, 6.357454, 39.484982, 39.623317, 35.874316, 19.574298, 12.595489, 31.608096, 19.756779, 13.725016, 12.279834, 7.979878, 29.102154, 32.191375, 35.817888, 23.244804, 37.813633, 9.319173, 8.004999, 11.163904, 31.343107, 28.902481, 19.822691, 42.432002, 39.164824, 42.443951, 27.126536, 18.566781, 28.759054, 18.258295], [7.014771, 9.913493, 33.30055, 24.665097, 30.718401, 26.385983, 28.769383, 26.064582, 22.556812, 21.153063, 15.061186, 4.327447, 10.389185, 16.37325, 33.096385, 7.89462, 18.094728, 15.870051, 25.254179, 0.0, 15.781757, 24.69686, 12.954663, 26.611589, 15.975323, 18.326199, 21.557939, 19.554927, 23.717384, 27.936331, 9.961847, 36.381824, 13.155868, 18.07425, 4.561989, 17.224235, 16.131939, 5.145663, 22.288197, 34.107261, 17.258374, 14.872422, 12.250738, 27.271445, 21.935917, 17.906333, 15.905314, 17.596127, 16.132747, 6.829901, 10.197036, 7.014771], [18.103233, 12.971923, 17.796895, 32.802768, 16.063964, 10.999214, 41.132869, 35.201283, 12.808734, 36.723071, 11.641102, 16.908904, 21.867474, 22.566599, 47.704625, 10.566273, 27.000178, 23.530247, 30.715153, 15.781757, 0.0, 29.059642, 26.472349, 28.563458, 27.542836, 31.618268, 37.07486, 13.755507, 35.02233, 43.450425, 24.310275, 36.74806, 22.341513, 26.611002, 13.371054, 32.859981, 30.657484, 11.774469, 37.548198, 37.176057, 24.404079, 20.104789, 4.936789, 42.488329, 15.516621, 18.073253, 27.813596, 19.172823, 31.8478, 18.660862, 5.714248, 18.103233], [31.675659, 33.233548, 43.735201, 48.92616, 43.930692, 38.316533, 50.006384, 49.902281, 41.424714, 36.067889, 17.538989, 29.000224, 34.614372, 8.323885, 49.728511, 29.992106, 8.980554, 40.530474, 49.9339, 24.69686, 29.059642, 0.0, 35.305389, 51.082829, 13.832376, 18.086069, 28.975634, 40.658233, 46.469394, 41.601628, 32.078997, 60.743932, 37.731876, 42.528857, 21.297979, 27.620745, 21.389146, 27.733417, 27.615963, 58.78843, 41.929797, 39.450806, 24.497301, 42.68802, 42.930253, 11.1858, 14.497678, 9.901996, 31.427616, 31.388673, 25.62413, 31.675659], [8.40266, 14.716324, 42.255298, 14.49808, 38.622821, 35.546989, 15.821037, 14.835383, 27.982346, 12.604982, 28.012581, 9.810432, 5.165608, 27.307022, 21.280261, 15.999303, 27.082473, 9.764411, 17.425165, 12.954663, 26.472349, 35.305389, 0.0, 21.620325, 23.136468, 22.481782, 18.76268, 23.407476, 11.213871, 18.438408, 3.261887, 30.863976, 7.480574, 9.551108, 17.505162, 14.841636, 18.52628, 14.856087, 20.575548, 26.696012, 10.836514, 12.332792, 24.243385, 16.749011, 25.272408, 30.470036, 22.704196, 29.906991, 10.074804, 7.811768, 21.737411, 8.40266], [20.024791, 18.141721, 35.82342, 11.687908, 30.947684, 31.189803, 24.499245, 14.475458, 19.888607, 33.199615, 37.282818, 22.517057, 18.548175, 42.812662, 35.794503, 21.591372, 44.651142, 12.125589, 6.357454, 26.611589, 28.563458, 51.082829, 21.620325, 0.0, 41.943659, 42.800177, 40.381568, 15.792298, 18.784148, 37.380665, 23.32342, 9.80287, 14.995644, 12.250594, 29.807704, 36.409205, 39.273008, 23.463857, 42.183978, 8.613245, 10.863162, 11.752316, 30.168598, 34.783023, 15.378848, 42.520134, 41.714092, 42.782811, 31.663586, 20.547507, 27.788278, 20.024791], [21.935942, 25.868943, 44.956436, 37.484285, 43.60637, 38.421864, 36.777946, 37.970578, 37.557192, 22.251603, 19.125484, 19.570864, 23.824397, 8.698483, 35.898804, 23.446468, 4.86587, 30.257794, 39.484982, 15.975323, 27.542836, 13.832376, 23.136468, 41.943659, 0.0, 5.185603, 15.507886, 35.210014, 33.918019, 27.811407, 20.131703, 51.740501, 27.306202, 31.61194, 15.001906, 13.792439, 7.618926, 20.687407, 14.487958, 48.729763, 31.661615, 30.271288, 22.658908, 28.855713, 37.607572, 15.935891, 0.686488, 14.373142, 17.750051, 21.396152, 22.270552, 21.935942], [23.197638, 28.123252, 49.273477, 36.971965, 47.608206, 42.599575, 34.523131, 37.054055, 40.706839, 18.879258, 24.032423, 21.190957, 24.279151, 13.867029, 32.229163, 26.173991, 9.529271, 30.772316, 39.623317, 18.326199, 31.618268, 18.086069, 22.481782, 42.800177, 5.185603, 0.0, 10.89978, 37.881123, 32.512388, 23.759847, 19.869647, 52.501406, 27.839695, 31.644605, 18.500233, 10.26755, 4.191876, 23.389175, 9.5739, 48.942158, 32.129521, 31.435381, 26.850658, 25.16259, 40.261074, 21.116812, 4.578543, 19.558641, 15.125626, 22.538462, 26.111536, 23.197638], [23.377359, 29.737122, 54.787121, 32.047356, 52.271359, 47.886971, 26.352106, 31.314512, 43.467344, 9.700145, 32.167985, 22.441514, 22.613724, 23.971861, 21.892016, 28.993787, 20.253687, 28.446641, 35.874316, 21.557939, 37.07486, 28.975634, 18.76268, 40.381568, 15.507886, 10.89978, 0.0, 39.677158, 26.079799, 13.125653, 17.53065, 49.506843, 25.862297, 28.229564, 23.87437, 4.451905, 8.071146, 26.482776, 2.210863, 44.938567, 29.582968, 30.417612, 32.876523, 14.953148, 41.892962, 30.679772, 14.822735, 29.285437, 8.755319, 22.582553, 31.363949, 23.377359], [16.37305, 9.994879, 21.046807, 23.215992, 16.530497, 15.620641, 34.335009, 26.060888, 4.948663, 35.843452, 24.369497, 17.326017, 18.290675, 33.016879, 43.53776, 11.773496, 36.345061, 15.827947, 19.574298, 19.554927, 13.755507, 40.658233, 23.407476, 15.792298, 35.210014, 37.881123, 39.677158, 0.0, 27.835206, 41.842548, 22.897351, 23.127581, 16.466341, 18.627465, 20.462824, 35.23059, 35.494061, 14.55322, 40.859244, 24.261889, 15.952061, 11.967798, 16.794018, 40.020847, 2.39757, 30.467742, 35.233986, 31.194833, 32.158936, 17.174009, 15.113801, 16.37305], [17.683468, 22.113841, 48.575746, 7.361123, 44.295646, 42.387684, 6.499803, 5.498002, 32.782732, 16.949438, 38.574669, 19.920106, 13.724746, 38.516293, 17.032553, 24.594772, 38.095758, 12.139694, 12.595489, 23.717384, 35.02233, 46.469394, 11.213871, 18.784148, 33.918019, 32.512388, 26.079799, 27.835206, 0.0, 19.384621, 14.47443, 25.732616, 12.691128, 9.209446, 28.261257, 23.27277, 28.354722, 24.366887, 28.224259, 20.126424, 11.883365, 16.044227, 33.821541, 16.545, 28.96536, 41.5194, 33.427596, 41.031745, 17.887442, 17.432571, 31.172995, 17.683468], [26.270045, 32.916787, 60.214707, 26.643002, 56.83648, 53.376934, 16.666835, 24.823635, 46.407789, 6.791779, 41.570622, 26.705319, 23.585401, 35.653279, 8.913385, 33.566679, 32.674837, 27.200937, 31.608096, 27.936331, 43.450425, 41.601628, 18.438408, 37.380665, 27.811407, 23.759847, 13.125653, 41.842548, 19.384621, 0.0, 19.50834, 45.071113, 25.607727, 25.582699, 31.67554, 14.070128, 20.213671, 31.741104, 15.060083, 39.505352, 27.838613, 30.45412, 40.185655, 3.001754, 43.67011, 41.549355, 27.133861, 40.37725, 11.997408, 25.534427, 38.065181, 26.270045], [6.783861, 13.482293, 40.71771, 17.355654, 37.345344, 33.901783, 18.950642, 17.930196, 27.19742, 13.092808, 25.002074, 7.402781, 5.083089, 24.053308, 23.472265, 14.109758, 23.942566, 11.201438, 19.756779, 9.961847, 24.310275, 32.078997, 3.261887, 23.32342, 20.131703, 19.869647, 17.53065, 22.897351, 14.47443, 19.50834, 0.0, 32.84814, 8.427988, 11.77695, 14.463311, 13.288664, 16.086714, 12.543663, 19.123532, 29.07592, 12.475337, 12.887068, 21.68222, 18.248769, 24.947214, 27.259564, 19.732852, 26.669469, 9.334452, 6.032002, 19.277364, 6.783861], [29.827389, 27.598095, 40.542564, 18.42822, 35.591345, 37.189761, 30.251319, 20.46368, 26.058843, 41.684235, 46.358789, 32.314933, 28.2223, 52.506242, 42.003025, 30.982015, 54.442076, 21.735023, 13.725016, 36.381824, 36.74806, 60.743932, 30.863976, 9.80287, 51.740501, 52.501406, 49.506843, 23.127581, 25.732616, 45.071113, 32.84814, 0.0, 24.661711, 21.315595, 39.446459, 45.704178, 48.894939, 33.036117, 51.401083, 6.288992, 20.398174, 21.545531, 39.010374, 42.270722, 21.883293, 51.863845, 51.505208, 52.224913, 40.751538, 30.345326, 36.796578, 29.827389], [6.162229, 9.42557, 36.407949, 11.643958, 32.401549, 29.988529, 18.934467, 13.431639, 21.258266, 20.055059, 26.914176, 8.837631, 3.560727, 29.422236, 27.14458, 12.010115, 30.459348, 2.955735, 12.279834, 13.155868, 22.341513, 37.731876, 7.480574, 14.995644, 27.306202, 27.839695, 25.862297, 16.466341, 12.691128, 25.607727, 8.427988, 24.661711, 0.0, 4.97308, 17.300879, 21.693119, 24.277364, 12.212131, 27.522091, 21.437371, 4.355413, 4.875388, 21.426138, 23.628238, 18.132894, 30.810111, 27.017801, 30.649931, 17.363337, 6.351111, 18.753604, 6.162229], [11.117506, 13.663967, 39.404083, 6.676121, 35.090614, 33.309612, 15.708758, 8.652139, 23.574244, 20.999649, 31.838245, 13.775865, 7.935007, 34.241797, 25.442584, 16.617317, 35.02406, 3.099121, 7.979878, 18.07425, 26.611002, 42.528857, 9.551108, 12.250594, 31.61194, 31.644605, 28.229564, 18.627465, 9.209446, 25.582699, 11.77695, 21.315595, 4.97308, 0.0, 22.269544, 24.388815, 27.84307, 17.093848, 30.09484, 17.298976, 2.682372, 6.905794, 26.123408, 23.188363, 19.810761, 35.781816, 31.270671, 35.609352, 19.48239, 11.245122, 23.451474, 11.117506], [11.159435, 11.99122, 31.167614, 28.921112, 29.176568, 24.34989, 33.324431, 30.45539, 22.560425, 24.892251, 10.540984, 8.553409, 14.802823, 13.105981, 37.315294, 8.942211, 15.902968, 19.84528, 29.102154, 4.561989, 13.371054, 21.297979, 17.505162, 29.807704, 15.001906, 18.500233, 23.87437, 20.462824, 28.261257, 31.67554, 14.463311, 39.446459, 17.300879, 22.269544, 0.0, 19.807878, 17.289973, 6.466675, 24.228155, 37.676123, 21.190181, 18.274834, 9.002504, 31.25336, 22.849819, 13.51919, 15.130056, 13.369504, 19.700743, 11.129724, 7.703189, 11.159435], [18.95126, 25.285862, 50.509695, 28.694963, 47.906497, 43.599619, 24.52223, 28.259837, 39.017744, 8.62376, 28.646451, 17.990085, 18.35645, 21.624383, 22.143285, 24.56807, 18.657009, 24.36771, 32.191375, 17.224235, 32.859981, 27.620745, 14.841636, 36.409205, 13.792439, 10.26755, 4.451905, 35.23059, 23.27277, 14.070128, 13.288664, 45.704178, 21.693119, 24.388815, 19.807878, 0.0, 6.304493, 22.085858, 5.835365, 41.381245, 25.558971, 26.146899, 28.793903, 15.082504, 37.452774, 27.813825, 13.123478, 26.544029, 5.385623, 18.159031, 27.163897, 18.95126], [20.092683, 25.559896, 48.45038, 32.974858, 46.395055, 41.639654, 30.341457, 32.96453, 38.686606, 14.91067, 24.49988, 18.362179, 20.728536, 15.912526, 28.439589, 24.010526, 12.470566, 27.171452, 35.817888, 16.131939, 30.657484, 21.389146, 18.52628, 39.273008, 7.618926, 4.191876, 8.071146, 35.494061, 28.354722, 20.213671, 16.086714, 48.894939, 24.277364, 27.84307, 17.289973, 6.304493, 0.0, 21.277552, 7.501708, 45.131923, 28.496871, 28.144262, 26.121353, 21.373501, 37.837911, 22.640053, 6.935911, 21.225202, 10.948125, 19.379627, 24.988693, 20.092683], [6.729369, 5.525019, 28.706803, 23.745375, 25.845162, 21.801133, 30.100707, 25.643707, 17.412036, 25.059397, 14.764212, 5.141513, 10.689551, 19.571421, 35.983106, 2.787758, 22.189408, 14.333489, 23.244804, 5.145663, 11.774469, 27.733417, 14.856087, 23.463857, 20.687407, 23.389175, 26.482776, 14.55322, 24.366887, 31.741104, 12.543663, 33.036117, 12.212131, 17.093848, 6.466675, 22.085858, 21.277552, 0.0, 27.322009, 31.506715, 15.573027, 12.164837, 9.50047, 30.718436, 16.947899, 19.230847, 20.692088, 19.366612, 20.347023, 7.133051, 6.912358, 6.729369], [24.67857, 30.877329, 55.322794, 34.090473, 52.977443, 48.448805, 28.562912, 33.423837, 44.500926, 11.910681, 31.978404, 23.547076, 24.191611, 23.117376, 23.902423, 29.91371, 19.084075, 30.175904, 37.813633, 22.288197, 37.548198, 27.615963, 20.575548, 42.183978, 14.487958, 9.5739, 2.210863, 40.859244, 28.224259, 15.060083, 19.123532, 51.401083, 27.522091, 30.09484, 24.228155, 5.835365, 7.501708, 27.322009, 0.0, 46.928445, 31.349165, 31.980036, 33.197099, 17.029898, 43.11389, 30.057909, 13.814704, 28.599822, 10.701249, 23.893509, 31.83631, 24.67857], [27.207295, 26.388421, 43.579672, 13.068229, 38.636244, 39.401471, 24.196063, 14.694176, 28.060657, 36.612722, 45.676493, 29.844013, 24.90691, 50.470075, 35.958201, 29.860259, 51.855824, 18.500048, 9.319173, 34.107261, 37.176057, 58.78843, 26.696012, 8.613245, 48.729763, 48.942158, 44.938567, 24.261889, 20.126424, 39.505352, 29.07592, 6.288992, 21.437371, 17.298976, 37.676123, 41.381245, 45.131923, 31.506715, 46.928445, 0.0