{"capacity": 20, "cluster_count": 5, "cluster_speeds": [[0.5, 0.81, 0.5, 0.81], [0.67, 1.33, 0.88, 1.33], [0.88, 1.33, 0.67, 1.33], [0.85, 1.5, 0.85, 1.5], [1.0, 2.0, 1.0, 2.0]], "clusters": [[4, 4, 4, 4, 4, 4, 4, 4, 4, 4, 4, 4, 4, 4, 4, 4, 4, 4, 4, 4, 4, 4], [4, 4, 3, 2, 0, 1, 2, 4, 3, 2, 1, 4, 2, 3, 3, 1, 3, 1, 2, 3, 2, 4], [4, 3, 4, 3, 2, 4, 1, 0, 2, 3, 4, 2, 3, 2, 1, 3, 4, 3, 3, 2, 2, 4], [4, 1, 3, 4, 3, 2, 4, 3, 0, 1, 2, 1, 2, 4, 2, 0, 1, 2, 3, 1, 3, 4], [4, 0, 1, 3, 4, 3, 1, 4, 2, 4, 0, 1, 3, 2, 0, 4, 3, 3, 2, 1, 1, 4], [4, 2, 4, 1, 3, 4, 3, 2, 1, 1, 2, 3, 4, 0, 3, 2, 1, 2, 3, 1, 2, 4], [4, 1, 2, 4, 2, 3, 4, 3, 2, 2, 1, 3, 1, 4, 2, 3, 1, 1, 1, 2, 3, 4], [4, 4, 0, 3, 4, 1, 3, 4, 3, 2, 4, 2, 3, 1, 3, 0, 4, 3, 2, 2, 1, 4], [4, 3, 1, 0, 1, 2, 1, 3, 4, 1, 1, 3, 3, 2, 2, 4, 0, 2, 3, 3, 2, 4], [4, 1, 3, 2, 4, 2, 1, 1, 2, 4, 2, 2, 1, 1, 3, 3, 1, 1, 3, 3, 1, 4], [4, 2, 4, 1, 0, 1, 2, 4, 2, 1, 4, 3, 3, 2, 2, 1, 3, 3, 3, 2, 1, 4], [4, 4, 1, 2, 2, 3, 3, 1, 3, 1, 3, 4, 2, 1, 1, 3, 2, 1, 3, 2, 1, 4], [4, 1, 3, 1, 3, 4, 2, 3, 3, 2, 3, 1, 4, 2, 3, 4, 1, 3, 3, 3, 2, 4], [4, 3, 1, 4, 1, 0, 4, 2, 1, 2, 1, 2, 1, 4, 2, 3, 1, 4, 2, 3, 2, 4], [4, 3, 2, 1, 0, 3, 1, 3, 1, 3, 1, 2, 3, 1, 4, 0, 2, 3, 2, 4, 1, 4], [4, 2, 3, 0, 4, 1, 3, 0, 4, 3, 2, 3, 4, 3, 0, 4, 2, 4, 2, 3, 4, 4], [4, 3, 4, 2, 3, 2, 2, 4, 0, 2, 3, 1, 2, 2, 1, 1, 4, 1, 2, 1, 3, 4], [4, 2, 3, 1, 3, 1, 2, 3, 1, 2, 3, 2, 3, 4, 3, 4, 2, 4, 2, 1, 1, 4], [4, 1, 3, 3, 1, 3, 2, 1, 3, 3, 3, 3, 3, 1, 1, 1, 1, 1, 4, 3, 2, 4], [4, 3, 1, 2, 2, 2, 1, 1, 3, 3, 1, 1, 3, 3, 4, 3, 2, 2, 3, 4, 3, 4], [4, 1, 1, 3, 2, 1, 3, 2, 1, 2, 2, 2, 1, 1, 2, 4, 3, 2, 1, 3, 4, 4], [4, 4, 4, 4, 4, 4, 4, 4, 4, 4, 4, 4, 4, 4, 4, 4, 4, 4, 4, 4, 4, 4]], "dataset_name": "sun_et_al_2018", "demands": [0, 17, 19, 15, 15, 12, 15, 10, 18, 11, 12, -17, -19, -15, -15, -12, -15, -10, -18, -11, -12, 0], "digraph": {"arc_count": 420, "arcs": [[0, 1, 1, 1, 1, 1, 1, 1, 1, 1, 1, 1, 1, 1, 1, 1, 1, 1, 1, 1, 1, 0], [0, 0, 1, 1, 1, 1, 1, 1, 1, 1, 1, 1, 1, 1, 1, 1, 1, 1, 1, 1, 1, 1], [0, 1, 0, 1, 1, 1, 1, 1, 1, 1, 1, 1, 1, 1, 1, 1, 1, 1, 1, 1, 1, 1], [0, 1, 1, 0, 1, 1, 1, 1, 1, 1, 1, 1, 1, 1, 1, 1, 1, 1, 1, 1, 1, 1], [0, 1, 1, 1, 0, 1, 1, 1, 1, 1, 1, 1, 1, 1, 1, 1, 1, 1, 1, 1, 1, 1], [0, 1, 1, 1, 1, 0, 1, 1, 1, 1, 1, 1, 1, 1, 1, 1, 1, 1, 1, 1, 1, 1], [0, 1, 1, 1, 1, 1, 0, 1, 1, 1, 1, 1, 1, 1, 1, 1, 1, 1, 1, 1, 1, 1], [0, 1, 1, 1, 1, 1, 1, 0, 1, 1, 1, 1, 1, 1, 1, 1, 1, 1, 1, 1, 1, 1], [0, 1, 1, 1, 1, 1, 1, 1, 0, 1, 1, 1, 1, 1, 1, 1, 1, 1, 1, 1, 1, 1], [0, 1, 1, 1, 1, 1, 1, 1, 1, 0, 1, 1, 1, 1, 1, 1, 1, 1, 1, 1, 1, 1], [0, 1, 1, 1, 1, 1, 1, 1, 1, 1, 0, 1, 1, 1, 1, 1, 1, 1, 1, 1, 1, 1], [0, 1, 1, 1, 1, 1, 1, 1, 1, 1, 1, 0, 1, 1, 1, 1, 1, 1, 1, 1, 1, 1], [0, 1, 1, 1, 1, 1, 1, 1, 1, 1, 1, 1, 0, 1, 1, 1, 1, 1, 1, 1, 1, 1], [0, 1, 1, 1, 1, 1, 1, 1, 1, 1, 1, 1, 1, 0, 1, 1, 1, 1, 1, 1, 1, 1], [0, 1, 1, 1, 1, 1, 1, 1, 1, 1, 1, 1, 1, 1, 0, 1, 1, 1, 1, 1, 1, 1], [0, 1, 1, 1, 1, 1, 1, 1, 1, 1, 1, 1, 1, 1, 1, 0, 1, 1, 1, 1, 1, 1], [0, 1, 1, 1, 1, 1, 1, 1, 1, 1, 1, 1, 1, 1, 1, 1, 0, 1, 1, 1, 1, 1], [0, 1, 1, 1, 1, 1, 1, 1, 1, 1, 1, 1, 1, 1, 1, 1, 1, 0, 1, 1, 1, 1], [0, 1, 1, 1, 1, 1, 1, 1, 1, 1, 1, 1, 1, 1, 1, 1, 1, 1, 0, 1, 1, 1], [0, 1, 1, 1, 1, 1, 1, 1, 1, 1, 1, 1, 1, 1, 1, 1, 1, 1, 1, 0, 1, 1], [0, 1, 1, 1, 1, 1, 1, 1, 1, 1, 1, 1, 1, 1, 1, 1, 1, 1, 1, 1, 0, 1], [0, 0, 0, 0, 0, 0, 0, 0, 0, 0, 0, 0, 0, 0, 0, 0, 0, 0, 0, 0, 0, 0]], "coordinates": [[25.0, 25.0], [34.548, 16.947], [28.402, 46.895], [16.459, 40.222], [2.98, 41.789], [27.881, 11.25], [12.338, 31.567], [24.993, 36.846], [34.128, 43.463], [37.055, 14.494], [42.347, 34.9], [13.85, 26.773], [34.924, 33.086], [31.72, 11.567], [28.881, 37.179], [41.328, 33.122], [17.327, 29.285], [22.503, 21.888], [22.048, 24.351], [36.595, 28.844], [1.654, 3.597], [25.0, 25.0]], "vertex_count": 22}, "distances": [[0.0, 12.490601, 22.157722, 17.454454, 27.690268, 14.048582, 14.263651, 11.846002, 20.596183, 15.990593, 19.973192, 11.290085, 12.801139, 15.020116, 12.782418, 18.236515, 8.78841, 3.989931, 3.0225, 12.215579, 31.672135, 0.0], [12.490601, 0.0, 30.572145, 29.477747, 40.170432, 8.769532, 26.590008, 22.074153, 26.519326, 3.507457, 19.573825, 22.911951, 16.143379, 6.077992, 21.010681, 17.538501, 21.184643, 13.019044, 14.528221, 12.071819, 35.499827, 12.490601], [22.157722, 30.572145, 0.0, 13.680796, 25.9297, 35.648807, 22.203596, 10.611488, 6.675755, 33.536535, 18.394104, 24.832551, 15.271705, 35.483471, 9.7278, 18.888542, 20.80307, 25.69335, 23.422324, 19.823316, 50.893735, 22.157722], [17.454454, 29.477747, 13.680796, 0.0, 13.56978, 31.142236, 9.586014, 9.177501, 17.963787, 32.956414, 26.429382, 13.699726, 19.795927, 32.465476, 12.78929, 25.86266, 10.97139, 19.304546, 16.826335, 23.128281, 39.50416, 17.454454], [27.690268, 40.170432, 25.9297, 13.56978, 0.0, 39.404192, 13.858624, 22.561148, 31.192951, 43.659165, 39.965223, 18.537453, 33.108327, 41.705598, 26.308058, 39.315213, 19.031196, 27.878259, 25.839359, 36.0214, 38.215012, 27.690268], [14.048582, 8.769532, 35.648807, 31.142236, 39.404192, 0.0, 25.580566, 25.758411, 32.813143, 9.730663, 27.723413, 20.924447, 22.94373, 3.852066, 25.948276, 25.675011, 20.896127, 11.920148, 14.340854, 19.633712, 27.32076, 14.048582], [14.263651, 26.590008, 22.203596, 9.586014, 13.858624, 25.580566, 0.0, 13.711924, 24.825771, 30.040263, 30.193525, 5.026786, 22.637022, 27.850708, 17.468984, 29.031675, 5.486132, 14.036035, 12.097717, 24.409358, 29.941088, 14.263651], [11.846002, 22.074153, 10.611488, 9.177501, 22.561148, 25.758411, 13.711924, 0.0, 11.279757, 25.398893, 17.462767, 15.021045, 10.618962, 26.158753, 3.902234, 16.754116, 10.767371, 15.163834, 12.837369, 14.093914, 40.622714, 11.846002], [20.596183, 26.519326, 6.675755, 17.963787, 31.192951, 32.813143, 24.825771, 11.279757, 0.0, 29.116495, 11.869159, 26.263156, 10.407485, 31.986767, 8.186554, 12.600646, 21.983841, 24.507575, 22.609621, 14.825696, 51.418466, 20.596183], [15.990593, 3.507457, 33.536535, 32.956414, 43.659165, 9.730663, 30.040263, 25.398893, 29.116495, 0.0, 21.081037, 26.253492, 18.713728, 6.085191, 24.112725, 19.1118, 24.657, 16.322743, 17.954679, 14.357371, 37.040186, 15.990593], [19.973192, 19.573825, 18.394104, 26.429382, 39.965223, 27.723413, 30.193525, 17.462767, 11.869159, 21.081037, 0.0, 29.63321, 7.641435, 25.639072, 13.657489, 2.049304, 25.642321, 23.729654, 22.876425, 8.352284, 51.340024, 19.973192], [11.290085, 22.911951, 24.832551, 13.699726, 18.537453, 20.924447, 5.026786, 15.021045, 26.263156, 26.253492, 29.63321, 0.0, 21.99926, 23.464001, 18.28157, 28.201955, 4.289484, 9.936681, 8.548292, 22.839091, 26.189108, 11.290085], [12.801139, 16.143379, 15.271705, 19.795927, 33.108327, 22.94373, 22.637022, 10.618962, 10.407485, 18.713728, 7.641435, 21.99926, 0.0, 21.756217, 7.298664, 6.404101, 18.002833, 16.72353, 15.559293, 4.559255, 44.457778, 12.801139], [15.020116, 6.077992, 35.483471, 32.465476, 41.705598, 3.852066, 27.850708, 26.158753, 31.986767, 6.085191, 25.639072, 23.464001, 21.756217, 0.0, 25.768866, 23.5994, 22.827308, 13.83749, 16.030541, 17.951611, 31.104425, 15.020116], [12.782418, 21.010681, 9.7278, 12.78929, 26.308058, 25.948276, 17.468984, 3.902234, 8.186554, 24.112725, 13.657489, 18.28157, 7.298664, 25.768866, 0.0, 13.091488, 13.993218, 16.567847, 14.534355, 11.356849, 43.232629, 12.782418], [18.236515, 17.538501, 18.888542, 25.86266, 39.315213, 25.675011, 29.031675, 16.754116, 12.600646, 19.1118, 2.049304, 28.201955, 6.404101, 23.5994, 13.091488, 0.0, 24.305772, 21.922212, 21.181332, 6.379857, 49.454544, 18.236515], [8.78841, 21.184643, 20.80307, 10.97139, 19.031196, 20.896127, 5.486132, 10.767371, 21.983841, 24.657, 25.642321, 4.289484, 18.002833, 22.827308, 13.993218, 24.305772, 0.0, 9.0281, 6.828777, 19.273046, 30.091797, 8.78841], [3.989931, 13.019044, 25.69335, 19.304546, 27.878259, 11.920148, 14.036035, 15.163834, 24.507575, 16.322743, 23.729654, 9.936681, 16.72353, 13.83749, 16.567847, 21.922212, 9.0281, 0.0, 2.504674, 15.715292, 27.735203, 3.989931], [3.0225, 14.528221, 23.422324, 16.826335, 25.839359, 14.340854, 12.097717, 12.837369, 22.609621, 17.954679, 22.876425, 8.548292, 15.559293, 16.030541, 14.534355, 21.181332, 6.828777, 2.504674, 0.0, 15.225054, 29.097143, 3.0225], [12.215579, 12.071819, 19.823316, 23.128281, 36.0214, 19.633712, 24.409358, 14.093914, 14.825696, 14.357371, 8.352284, 22.839091, 4.559255, 17.951611, 11.356849, 6.379857, 19.273046, 15.715292, 15.225054, 0.0, 43.107824, 12.215579], [31.672135, 35.499827, 50.893735, 39.50416, 38.215012, 27.32076, 29.941088, 40.622714, 51.418466, 37.040186, 51.340024, 26.189108, 44.457778, 31.104425, 43.232629, 49.454544, 30.091797, 27.735203, 29.097143, 43.107824, 0.0, 31.672135], [0.0, 12.490601, 22.157722, 17.454454, 27.690268, 14.048582, 14.263651, 11.846002, 20.596183, 15.990593, 19.973192, 11.290085, 12.801139, 15.020116, 12.782418, 18.236515, 8.78841, 3.989931, 3.0225, 12.215579, 31.672135, 0.0]], "end_depot": 21, "horizon": [0.0, 840.0], "instance_name": "CC10", "profits": [0, 40, 40, 40, 40, 40, 40, 40, 40, 40, 40, 0, 0, 0, 0, 0, 0, 0, 0, 0, 0, 0], "requests": [[1, 11], [2, 12], [3, 13], [4, 14], [5, 15], [6, 16], [7, 17], [8, 18], [9, 19], [10, 20]], "speed_zone_count": 4, "speed_zones": [[0.0, 120.0], [120.0, 600.0], [600.0, 720.0], [720.0, 840.0]], "start_depot": 0, "time_windows": [[0.0, 840.0], [527.0, 587.0], [143.0, 203.0], [144.0, 204.0], [154.0, 214.0], [203.0, 263.0], [22.0, 82.0], [137.0, 197.0], [411.0, 471.0], [510.0, 570.0], [193.0, 253.0], [549.0, 609.0], [158.0, 218.0], [176.0, 236.0], [180.0, 240.0], [228.0, 288.0], [27.0, 87.0], [152.0, 212.0], [433.0, 493.0], [524.0, 584.0], [244.0, 304.0], [0.0, 840.0]], "vehicle_count": 20}