{"capacity": 15, "cluster_count": 5, "cluster_speeds": [[0.5, 0.81, 0.5, 0.81], [0.67, 1.33, 0.88, 1.33], [0.88, 1.33, 0.67, 1.33], [0.85, 1.5, 0.85, 1.5], [1.0, 2.0, 1.0, 2.0]], "clusters": [[4, 4, 4, 4, 4, 4, 4, 4, 4, 4, 4, 4, 4, 4, 4, 4, 4, 4, 4, 4, 4, 4, 4, 4, 4, 4, 4, 4, 4, 4, 4, 4], [4, 4, 3, 2, 0, 1, 2, 4, 3, 2, 1, 4, 2, 3, 3, 1, 3, 1, 2, 3, 2, 1, 2, 3, 3, 2, 1, 3, 2, 1, 2, 4], [4, 3, 4, 3, 2, 4, 1, 0, 2, 3, 4, 2, 3, 2, 1, 3, 4, 3, 3, 2, 2, 3, 3, 3, 2, 1, 1, 2, 3, 1, 3, 4], [4, 1, 3, 4, 3, 2, 4, 3, 0, 1, 2, 1, 2, 4, 2, 0, 1, 2, 3, 1, 3, 4, 2, 3, 2, 2, 3, 3, 2, 2, 1, 4], [4, 0, 1, 3, 4, 3, 1, 4, 2, 4, 0, 1, 3, 2, 0, 4, 3, 3, 2, 1, 1, 2, 4, 3, 1, 2, 3, 0, 1, 1, 2, 4], [4, 2, 4, 1, 3, 4, 3, 2, 1, 1, 2, 3, 4, 0, 3, 2, 1, 2, 3, 1, 2, 3, 2, 2, 3, 2, 1, 3, 3, 2, 2, 4], [4, 1, 2, 4, 2, 3, 4, 3, 2, 2, 1, 3, 1, 4, 2, 3, 1, 1, 1, 2, 3, 3, 2, 4, 0, 2, 2, 2, 3, 1, 2, 4], [4, 4, 0, 3, 4, 1, 3, 4, 3, 2, 4, 2, 3, 1, 3, 0, 4, 3, 2, 2, 1, 3, 2, 3, 1, 1, 3, 1, 2, 3, 2, 4], [4, 3, 1, 0, 1, 2, 1, 3, 4, 1, 1, 3, 3, 2, 2, 4, 0, 2, 3, 3, 2, 4, 0, 2, 2, 3, 1, 0, 1, 1, 3, 4], [4, 1, 3, 2, 4, 2, 1, 1, 2, 4, 2, 2, 1, 1, 3, 3, 1, 1, 3, 3, 1, 2, 2, 4, 0, 1, 1, 2, 3, 2, 1, 4], [4, 2, 4, 1, 0, 1, 2, 4, 2, 1, 4, 3, 3, 2, 2, 1, 3, 3, 3, 2, 1, 3, 3, 2, 2, 1, 1, 3, 2, 2, 2, 4], [4, 4, 1, 2, 2, 3, 3, 1, 3, 1, 3, 4, 2, 1, 1, 3, 2, 1, 3, 2, 1, 3, 4, 3, 1, 2, 2, 2, 1, 1, 3, 4], [4, 1, 3, 1, 3, 4, 2, 3, 3, 2, 3, 1, 4, 2, 3, 4, 1, 3, 3, 3, 2, 1, 2, 3, 3, 2, 1, 1, 2, 1, 2, 4], [4, 3, 1, 4, 1, 0, 4, 2, 1, 2, 1, 2, 1, 4, 2, 3, 1, 4, 2, 3, 2, 3, 2, 2, 0, 4, 3, 0, 1, 2, 3, 4], [4, 3, 2, 1, 0, 3, 1, 3, 1, 3, 1, 2, 3, 1, 4, 0, 2, 3, 2, 4, 1, 2, 2, 3, 3, 0, 1, 2, 0, 1, 1, 4], [4, 2, 3, 0, 4, 1, 3, 0, 4, 3, 2, 3, 4, 3, 0, 4, 2, 4, 2, 3, 4, 4, 2, 1, 2, 3, 3, 3, 3, 2, 1, 4], [4, 3, 4, 2, 3, 2, 2, 4, 0, 2, 3, 1, 2, 2, 1, 1, 4, 1, 2, 1, 3, 2, 2, 0, 1, 1, 2, 2, 1, 2, 1, 4], [4, 2, 3, 1, 3, 1, 2, 3, 1, 2, 3, 2, 3, 4, 3, 4, 2, 4, 2, 1, 1, 3, 2, 1, 2, 3, 1, 3, 1, 1, 2, 4], [4, 1, 3, 3, 1, 3, 2, 1, 3, 3, 3, 3, 3, 1, 1, 1, 1, 1, 4, 3, 2, 2, 3, 2, 1, 2, 3, 2, 3, 3, 1, 4], [4, 3, 1, 2, 2, 2, 1, 1, 3, 3, 1, 1, 3, 3, 4, 3, 2, 2, 3, 4, 3, 4, 2, 4, 0, 1, 1, 2, 3, 4, 2, 4], [4, 1, 1, 3, 2, 1, 3, 2, 1, 2, 2, 2, 1, 1, 2, 4, 3, 2, 1, 3, 4, 2, 3, 3, 1, 1, 3, 1, 0, 4, 2, 4], [4, 2, 3, 4, 1, 3, 3, 3, 4, 1, 3, 3, 1, 3, 1, 4, 1, 3, 1, 4, 1, 4, 3, 0, 1, 2, 2, 4, 1, 0, 2, 4], [4, 1, 3, 1, 4, 1, 1, 1, 0, 1, 3, 4, 3, 1, 1, 1, 1, 1, 3, 1, 3, 3, 4, 3, 0, 2, 1, 0, 4, 4, 3, 4], [4, 3, 3, 3, 3, 1, 4, 3, 1, 4, 1, 3, 3, 1, 3, 2, 0, 2, 1, 4, 3, 0, 3, 4, 2, 2, 3, 3, 2, 4, 0, 4], [4, 3, 1, 1, 2, 3, 0, 2, 1, 0, 1, 2, 1, 0, 3, 1, 2, 1, 2, 0, 2, 2, 0, 1, 4, 2, 3, 2, 3, 1, 1, 4], [4, 1, 2, 1, 1, 1, 1, 2, 3, 2, 2, 1, 1, 4, 0, 3, 2, 3, 1, 2, 2, 1, 1, 1, 1, 4, 1, 2, 2, 3, 1, 4], [4, 2, 2, 3, 3, 2, 1, 3, 2, 2, 2, 1, 2, 3, 2, 3, 1, 2, 3, 2, 3, 1, 2, 3, 3, 2, 4, 3, 3, 1, 1, 4], [4, 3, 1, 3, 0, 3, 1, 2, 0, 1, 3, 1, 2, 0, 1, 3, 1, 3, 1, 1, 2, 4, 0, 3, 1, 1, 3, 4, 1, 1, 2, 4], [4, 1, 3, 1, 2, 3, 3, 1, 2, 3, 1, 2, 1, 2, 0, 3, 2, 2, 3, 3, 0, 2, 4, 1, 3, 1, 3, 2, 4, 0, 3, 4], [4, 2, 2, 1, 2, 1, 2, 3, 2, 1, 1, 2, 2, 1, 2, 1, 1, 2, 3, 4, 4, 0, 4, 4, 2, 3, 2, 2, 0, 4, 2, 4], [4, 1, 3, 2, 1, 1, 1, 1, 3, 2, 1, 3, 1, 3, 2, 2, 2, 1, 2, 1, 1, 1, 2, 0, 2, 2, 2, 1, 3, 1, 4, 4], [4, 4, 4, 4, 4, 4, 4, 4, 4, 4, 4, 4, 4, 4, 4, 4, 4, 4, 4, 4, 4, 4, 4, 4, 4, 4, 4, 4, 4, 4, 4, 4]], "dataset_name": "sun_et_al_2018", "demands": [0, 9, 10, 14, 11, 12, 14, 6, 12, 10, 12, 10, 10, 11, 15, 14, -9, -10, -14, -11, -12, -14, -6, -12, -10, -12, -10, -10, -11, -15, -14, 0], "digraph": {"arc_count": 930, "arcs": [[0, 1, 1, 1, 1, 1, 1, 1, 1, 1, 1, 1, 1, 1, 1, 1, 1, 1, 1, 1, 1, 1, 1, 1, 1, 1, 1, 1, 1, 1, 1, 0], [0, 0, 1, 1, 1, 1, 1, 1, 1, 1, 1, 1, 1, 1, 1, 1, 1, 1, 1, 1, 1, 1, 1, 1, 1, 1, 1, 1, 1, 1, 1, 1], [0, 1, 0, 1, 1, 1, 1, 1, 1, 1, 1, 1, 1, 1, 1, 1, 1, 1, 1, 1, 1, 1, 1, 1, 1, 1, 1, 1, 1, 1, 1, 1], [0, 1, 1, 0, 1, 1, 1, 1, 1, 1, 1, 1, 1, 1, 1, 1, 1, 1, 1, 1, 1, 1, 1, 1, 1, 1, 1, 1, 1, 1, 1, 1], [0, 1, 1, 1, 0, 1, 1, 1, 1, 1, 1, 1, 1, 1, 1, 1, 1, 1, 1, 1, 1, 1, 1, 1, 1, 1, 1, 1, 1, 1, 1, 1], [0, 1, 1, 1, 1, 0, 1, 1, 1, 1, 1, 1, 1, 1, 1, 1, 1, 1, 1, 1, 1, 1, 1, 1, 1, 1, 1, 1, 1, 1, 1, 1], [0, 1, 1, 1, 1, 1, 0, 1, 1, 1, 1, 1, 1, 1, 1, 1, 1, 1, 1, 1, 1, 1, 1, 1, 1, 1, 1, 1, 1, 1, 1, 1], [0, 1, 1, 1, 1, 1, 1, 0, 1, 1, 1, 1, 1, 1, 1, 1, 1, 1, 1, 1, 1, 1, 1, 1, 1, 1, 1, 1, 1, 1, 1, 1], [0, 1, 1, 1, 1, 1, 1, 1, 0, 1, 1, 1, 1, 1, 1, 1, 1, 1, 1, 1, 1, 1, 1, 1, 1, 1, 1, 1, 1, 1, 1, 1], [0, 1, 1, 1, 1, 1, 1, 1, 1, 0, 1, 1, 1, 1, 1, 1, 1, 1, 1, 1, 1, 1, 1, 1, 1, 1, 1, 1, 1, 1, 1, 1], [0, 1, 1, 1, 1, 1, 1, 1, 1, 1, 0, 1, 1, 1, 1, 1, 1, 1, 1, 1, 1, 1, 1, 1, 1, 1, 1, 1, 1, 1, 1, 1], [0, 1, 1, 1, 1, 1, 1, 1, 1, 1, 1, 0, 1, 1, 1, 1, 1, 1, 1, 1, 1, 1, 1, 1, 1, 1, 1, 1, 1, 1, 1, 1], [0, 1, 1, 1, 1, 1, 1, 1, 1, 1, 1, 1, 0, 1, 1, 1, 1, 1, 1, 1, 1, 1, 1, 1, 1, 1, 1, 1, 1, 1, 1, 1], [0, 1, 1, 1, 1, 1, 1, 1, 1, 1, 1, 1, 1, 0, 1, 1, 1, 1, 1, 1, 1, 1, 1, 1, 1, 1, 1, 1, 1, 1, 1, 1], [0, 1, 1, 1, 1, 1, 1, 1, 1, 1, 1, 1, 1, 1, 0, 1, 1, 1, 1, 1, 1, 1, 1, 1, 1, 1, 1, 1, 1, 1, 1, 1], [0, 1, 1, 1, 1, 1, 1, 1, 1, 1, 1, 1, 1, 1, 1, 0, 1, 1, 1, 1, 1, 1, 1, 1, 1, 1, 1, 1, 1, 1, 1, 1], [0, 1, 1, 1, 1, 1, 1, 1, 1, 1, 1, 1, 1, 1, 1, 1, 0, 1, 1, 1, 1, 1, 1, 1, 1, 1, 1, 1, 1, 1, 1, 1], [0, 1, 1, 1, 1, 1, 1, 1, 1, 1, 1, 1, 1, 1, 1, 1, 1, 0, 1, 1, 1, 1, 1, 1, 1, 1, 1, 1, 1, 1, 1, 1], [0, 1, 1, 1, 1, 1, 1, 1, 1, 1, 1, 1, 1, 1, 1, 1, 1, 1, 0, 1, 1, 1, 1, 1, 1, 1, 1, 1, 1, 1, 1, 1], [0, 1, 1, 1, 1, 1, 1, 1, 1, 1, 1, 1, 1, 1, 1, 1, 1, 1, 1, 0, 1, 1, 1, 1, 1, 1, 1, 1, 1, 1, 1, 1], [0, 1, 1, 1, 1, 1, 1, 1, 1, 1, 1, 1, 1, 1, 1, 1, 1, 1, 1, 1, 0, 1, 1, 1, 1, 1, 1, 1, 1, 1, 1, 1], [0, 1, 1, 1, 1, 1, 1, 1, 1, 1, 1, 1, 1, 1, 1, 1, 1, 1, 1, 1, 1, 0, 1, 1, 1, 1, 1, 1, 1, 1, 1, 1], [0, 1, 1, 1, 1, 1, 1, 1, 1, 1, 1, 1, 1, 1, 1, 1, 1, 1, 1, 1, 1, 1, 0, 1, 1, 1, 1, 1, 1, 1, 1, 1], [0, 1, 1, 1, 1, 1, 1, 1, 1, 1, 1, 1, 1, 1, 1, 1, 1, 1, 1, 1, 1, 1, 1, 0, 1, 1, 1, 1, 1, 1, 1, 1], [0, 1, 1, 1, 1, 1, 1, 1, 1, 1, 1, 1, 1, 1, 1, 1, 1, 1, 1, 1, 1, 1, 1, 1, 0, 1, 1, 1, 1, 1, 1, 1], [0, 1, 1, 1, 1, 1, 1, 1, 1, 1, 1, 1, 1, 1, 1, 1, 1, 1, 1, 1, 1, 1, 1, 1, 1, 0, 1, 1, 1, 1, 1, 1], [0, 1, 1, 1, 1, 1, 1, 1, 1, 1, 1, 1, 1, 1, 1, 1, 1, 1, 1, 1, 1, 1, 1, 1, 1, 1, 0, 1, 1, 1, 1, 1], [0, 1, 1, 1, 1, 1, 1, 1, 1, 1, 1, 1, 1, 1, 1, 1, 1, 1, 1, 1, 1, 1, 1, 1, 1, 1, 1, 0, 1, 1, 1, 1], [0, 1, 1, 1, 1, 1, 1, 1, 1, 1, 1, 1, 1, 1, 1, 1, 1, 1, 1, 1, 1, 1, 1, 1, 1, 1, 1, 1, 0, 1, 1, 1], [0, 1, 1, 1, 1, 1, 1, 1, 1, 1, 1, 1, 1, 1, 1, 1, 1, 1, 1, 1, 1, 1, 1, 1, 1, 1, 1, 1, 1, 0, 1, 1], [0, 1, 1, 1, 1, 1, 1, 1, 1, 1, 1, 1, 1, 1, 1, 1, 1, 1, 1, 1, 1, 1, 1, 1, 1, 1, 1, 1, 1, 1, 0, 1], [0, 0, 0, 0, 0, 0, 0, 0, 0, 0, 0, 0, 0, 0, 0, 0, 0, 0, 0, 0, 0, 0, 0, 0, 0, 0, 0, 0, 0, 0, 0, 0]], "coordinates": [[25.0, 25.0], [34.548, 16.947], [28.402, 46.895], [16.459, 40.222], [2.98, 41.789], [27.881, 11.25], [12.338, 31.567], [24.993, 36.846], [34.128, 43.463], [37.055, 14.494], [42.347, 34.9], [21.314, 35.006], [4.802, 1.609], [3.391, 29.245], [32.467, 49.455], [40.532, 24.883], [13.85, 26.773], [34.924, 33.086], [31.72, 11.567], [28.881, 37.179], [41.328, 33.122], [17.327, 29.285], [22.503, 21.888], [22.048, 24.351], [36.595, 28.844], [1.654, 3.597], [47.114, 2.88], [1.391, 41.648], [7.407, 46.855], [18.813, 46.961], [40.003, 25.432], [25.0, 25.0]], "vertex_count": 32}, "distances": [[0.0, 12.490601, 22.157722, 17.454454, 27.690268, 14.048582, 14.263651, 11.846002, 20.596183, 15.990593, 19.973192, 10.663331, 30.904661, 22.02201, 25.569574, 15.532441, 11.290085, 12.801139, 15.020116, 12.782418, 18.236515, 8.78841, 3.989931, 3.0225, 12.215579, 31.672135, 31.278162, 28.88842, 28.056277, 22.815882, 15.009218, 0.0], [12.490601, 0.0, 30.572145, 29.477747, 40.170432, 8.769532, 26.590008, 22.074153, 26.519326, 3.507457, 19.573825, 22.388976, 33.467578, 33.49626, 32.57454, 9.939233, 22.911951, 16.143379, 6.077992, 21.010681, 17.538501, 21.184643, 13.019044, 14.528221, 12.071819, 35.499827, 18.86226, 41.346415, 40.387156, 33.8885, 10.087232, 12.490601], [22.157722, 30.572145, 0.0, 13.680796, 25.9297, 35.648807, 22.203596, 10.611488, 6.675755, 33.536535, 18.394104, 13.841534, 51.066445, 30.611642, 4.803938, 25.132947, 24.832551, 15.271705, 35.483471, 9.7278, 18.888542, 20.80307, 25.69335, 23.422324, 19.823316, 50.893735, 47.827389, 27.515907, 20.995038, 9.589227, 24.397614, 22.157722], [17.454454, 29.477747, 13.680796, 0.0, 13.56978, 31.142236, 9.586014, 9.177501, 17.963787, 32.956414, 26.429382, 7.125846, 40.334221, 17.066551, 18.479836, 28.544601, 13.699726, 19.795927, 32.465476, 12.78929, 25.86266, 10.97139, 19.304546, 16.826335, 23.128281, 39.50416, 48.313083, 15.135326, 11.222094, 7.138308, 27.804029, 17.454454], [27.690268, 40.170432, 25.9297, 13.56978, 0.0, 39.404192, 13.858624, 22.561148, 31.192951, 43.659165, 39.965223, 19.54852, 40.221289, 12.550731, 30.467207, 41.182102, 18.537453, 33.108327, 41.705598, 26.308058, 39.315213, 19.031196, 27.878259, 25.839359, 36.0214, 38.215012, 58.836385, 1.595244, 6.727755, 16.656334, 40.47535, 27.690268], [14.048582, 8.769532, 35.648807, 31.142236, 39.404192, 0.0, 25.580566, 25.758411, 32.813143, 9.730663, 27.723413, 24.646968, 25.01178, 30.390461, 38.47926, 18.598562, 20.924447, 22.94373, 3.852066, 25.948276, 25.675011, 20.896127, 11.920148, 14.340854, 19.633712, 27.32076, 20.975347, 40.320696, 41.071897, 36.844323, 18.656688, 14.048582], [14.263651, 26.590008, 22.203596, 9.586014, 13.858624, 25.580566, 0.0, 13.711924, 24.825771, 30.040263, 30.193525, 9.612247, 30.89131, 9.243403, 26.928743, 28.975464, 5.026786, 22.637022, 27.850708, 17.468984, 29.031675, 5.486132, 14.036035, 12.097717, 24.409358, 29.941088, 45.081195, 14.881645, 16.063552, 16.700325, 28.337086, 14.263651], [11.846002, 22.074153, 10.611488, 9.177501, 22.561148, 25.758411, 13.711924, 0.0, 11.279757, 25.398893, 17.462767, 4.113471, 40.611854, 22.900253, 14.657679, 19.610556, 15.021045, 10.618962, 26.158753, 3.902234, 16.754116, 10.767371, 15.163834, 12.837369, 14.093914, 40.622714, 40.534279, 24.085548, 20.234809, 11.853507, 18.856816, 11.846002], [20.596183, 26.519326, 6.675755, 17.963787, 31.192951, 32.813143, 24.825771, 11.279757, 0.0, 29.116495, 11.869159, 15.353157, 51.105495, 33.866129, 6.217957, 19.652675, 26.263156, 10.407485, 31.986767, 8.186554, 12.600646, 21.983841, 24.507575, 22.609621, 14.825696, 51.418466, 42.610047, 32.787275, 26.935432, 15.709399, 18.963981, 20.596183], [15.990593, 3.507457, 33.536535, 32.956414, 43.659165, 9.730663, 30.040263, 25.398893, 29.116495, 0.0, 21.081037, 25.855777, 34.731531, 36.754005, 35.260761, 10.955403, 26.253492, 18.713728, 6.085191, 24.112725, 19.1118, 24.657, 16.322743, 17.954679, 14.357371, 37.040186, 15.36452, 44.824777, 43.888931, 37.240793, 11.328307, 15.990593], [19.973192, 19.573825, 18.394104, 26.429382, 39.965223, 27.723413, 30.193525, 17.462767, 11.869159, 21.081037, 0.0, 21.033267, 50.178857, 39.364311, 17.591544, 10.180104, 29.63321, 7.641435, 25.639072, 13.657489, 2.049304, 25.642321, 23.729654, 22.876425, 8.352284, 51.340024, 32.372901, 41.508185, 36.928656, 26.4446, 9.753838, 19.973192], [10.663331, 22.388976, 13.841534, 7.125846, 19.54852, 24.646968, 9.612247, 4.113471, 15.353157, 25.855777, 21.033267, 0.0, 37.255949, 18.826127, 18.252753, 21.721111, 11.112767, 13.744763, 25.645108, 7.872828, 20.102479, 6.973235, 13.171775, 10.680252, 16.476626, 37.054566, 41.203396, 21.001002, 18.270289, 12.213805, 20.998576, 10.663331], [30.904661, 33.467578, 51.066445, 40.334221, 40.221289, 25.01178, 30.89131, 40.611854, 51.105495, 34.731531, 50.178857, 37.255949, 0.0, 27.671997, 55.268363, 42.641669, 26.741227, 43.567607, 28.70088, 42.953733, 48.241246, 30.378226, 26.917712, 28.541603, 41.86335, 3.723177, 42.331085, 40.184032, 45.320928, 47.466957, 42.504655, 30.904661], [22.02201, 33.49626, 30.611642, 17.066551, 12.550731, 30.390461, 9.243403, 22.900253, 33.866129, 36.754005, 39.364311, 18.826127, 27.671997, 0.0, 35.409856, 37.396269, 10.747161, 31.766073, 33.392273, 26.696226, 38.134592, 13.936057, 20.479111, 19.288206, 33.206421, 25.706752, 51.056968, 12.563217, 18.062125, 23.488183, 36.810019, 22.02201], [25.569574, 32.57454, 4.803938, 18.479836, 30.467207, 38.47926, 26.928743, 14.657679, 6.217957, 35.260761, 17.591544, 18.252753, 55.268363, 35.409856, 0.0, 25.861698, 29.343923, 16.552372, 37.895363, 12.789041, 18.581825, 25.220002, 29.312468, 27.180257, 21.020316, 55.248503, 48.823818, 32.041645, 25.194515, 13.879905, 25.177288, 25.569574], [15.532441, 9.939233, 25.132947, 28.544601, 41.182102, 18.598562, 28.975464, 19.610556, 19.652675, 10.955403, 10.180104, 21.721111, 42.641669, 37.396269, 25.861698, 0.0, 26.748855, 9.936744, 15.967692, 16.939227, 8.277363, 23.618841, 18.276074, 18.491654, 5.584755, 44.323726, 22.966383, 42.580314, 39.749647, 30.970196, 0.762392, 15.532441], [11.290085, 22.911951, 24.832551, 13.699726, 18.537453, 20.924447, 5.026786, 15.021045, 26.263156, 26.253492, 29.63321, 11.112767, 26.741227, 10.747161, 29.343923, 26.748855, 0.0, 21.99926, 23.464001, 18.28157, 28.201955, 4.289484, 9.936681, 8.548292, 22.839091, 26.189108, 40.955697, 19.40341, 21.090258, 20.789101, 26.187357, 11.290085], [12.801139, 16.143379, 15.271705, 19.795927, 33.108327, 22.94373, 22.637022, 10.618962, 10.407485, 18.713728, 7.641435, 13.744763, 43.567607, 31.766073, 16.552372, 9.936744, 21.99926, 0.0, 21.756217, 7.298664, 6.404101, 18.002833, 16.72353, 15.559293, 4.559255, 44.457778, 32.572972, 34.608813, 30.769638, 21.262172, 9.185856, 12.801139], [15.020116, 6.077992, 35.483471, 32.465476, 41.705598, 3.852066, 27.850708, 26.158753, 31.986767, 6.085191, 25.639072, 25.645108, 28.70088, 33.392273, 37.895363, 15.967692, 23.464001, 21.756217, 0.0, 25.768866, 23.5994, 22.827308, 13.83749, 16.030541, 17.951611, 31.104425, 17.67595, 42.716681, 42.852829, 37.673942, 16.150737, 15.020116], [12.782418, 21.010681, 9.7278, 12.78929, 26.308058, 25.948276, 17.468984, 3.902234, 8.186554, 24.112725, 13.657489, 7.872828, 42.953733, 26.696226, 12.789041, 16.939227, 18.28157, 7.298664, 25.768866, 0.0, 13.091488, 13.993218, 16.567847, 14.534355, 11.356849, 43.232629, 38.844095, 27.85089, 23.553294, 14.037526, 16.176863, 12.782418], [18.236515, 17.538501, 18.888542, 25.86266, 39.315213, 25.675011, 29.031675, 16.754116, 12.600646, 19.1118, 2.049304, 20.102479, 48.241246, 38.134592, 18.581825, 8.277363, 28.201955, 6.404101, 23.5994, 13.091488, 0.0, 24.305772, 21.922212, 21.181332, 6.379857, 49.454544, 30.790524, 40.836952, 36.595485, 26.428075, 7.803315, 18.236515], [8.78841, 21.184643, 20.80307, 10.97139, 19.031196, 20.896127, 5.486132, 10.767371, 21.983841, 24.657, 25.642321, 6.973235, 30.378226, 13.936057, 25.220002, 23.618841, 4.289484, 18.002833, 22.827308, 13.993218, 24.305772, 0.0, 9.0281, 6.828777, 19.273046, 30.091797, 39.805645, 20.16928, 20.176999, 17.738353, 23.001013, 8.78841], [3.989931, 13.019044, 25.69335, 19.304546, 27.878259, 11.920148, 14.036035, 15.163834, 24.507575, 16.322743, 23.729654, 13.171775, 26.917712, 20.479111, 29.312468, 18.276074, 9.936681, 16.72353, 13.83749, 16.567847, 21.922212, 9.0281, 0.0, 2.504674, 15.715292, 27.735203, 31.09671, 28.916676, 29.176023, 25.343075, 17.85525, 3.989931], [3.0225, 14.528221, 23.422324, 16.826335, 25.839359, 14.340854, 12.097717, 12.837369, 22.609621, 17.954679, 22.876425, 10.680252, 28.541603, 19.288206, 27.180257, 18.491654, 8.548292, 15.559293, 16.030541, 14.534355, 21.181332, 6.828777, 2.504674, 0.0, 15.225054, 29.097143, 33.004669, 26.942492, 26.847512, 22.840257, 17.987512, 3.0225], [12.215579, 12.071819, 19.823316, 23.128281, 36.0214, 19.633712, 24.409358, 14.093914, 14.825696, 14.357371, 8.352284, 16.476626, 41.86335, 33.206421, 21.020316, 5.584755, 22.839091, 4.559255, 17.951611, 11.356849, 6.379857, 19.273046, 15.715292, 15.225054, 0.0, 43.107824, 28.013901, 37.460166, 34.297747, 25.385532, 4.822469, 12.215579], [31.672135, 35.499827, 50.893735, 39.50416, 38.215012, 27.32076, 29.941088, 40.622714, 51.418466, 37.040186, 51.340024, 37.054566, 3.723177, 25.706752, 55.248503, 44.323726, 26.189108, 44.457778, 31.104425, 43.232629, 49.454544, 30.091797, 27.735203, 29.097143, 43.107824, 0.0, 45.465654, 38.051909, 43.638877, 46.635478, 44.129503, 31.672135], [31.278162, 18.86226, 47.827389, 48.313083, 58.836385, 20.975347, 45.081195, 40.534279, 42.610047, 15.36452, 32.372901, 41.203396, 42.331085, 51.056968, 48.823818, 22.966383, 40.955697, 32.572972, 17.67595, 38.844095, 30.790524, 39.805645, 31.09671, 33.004669, 28.013901, 45.465654, 0.0, 59.946231, 59.249021, 52.383978, 23.646544, 31.278162], [28.88842, 41.346415, 27.515907, 15.135326, 1.595244, 40.320696, 14.881645, 24.085548, 32.787275, 44.824777, 41.508185, 21.001002, 40.184032, 12.563217, 32.041645, 42.580314, 19.40341, 34.608813, 42.716681, 27.85089, 40.836952, 20.16928, 28.916676, 26.942492, 37.460166, 38.051909, 59.946231, 0.0, 7.956451, 18.214117, 41.878935, 28.88842], [28.056277, 40.387156, 20.995038, 11.222094, 6.727755, 41.071897, 16.063552, 20.234809, 26.935432, 43.888931, 36.928656, 18.270289, 45.320928, 18.062125, 25.194515, 39.749647, 21.090258, 30.769638, 42.852829, 23.553294, 36.595485, 20.176999, 29.176023, 26.847512, 34.297747, 43.638877, 59.249021, 7.956451, 0.0, 11.406493, 39.005694, 28.056277], [22.815882, 33.8885, 9.589227, 7.138308, 16.656334, 36.844323, 16.700325, 11.853507, 15.709399, 37.240793, 26.4446, 12.213805, 47.466957, 23.488183, 13.879905, 30.970196, 20.789101, 21.262172, 37.673942, 14.037526, 26.428075, 17.738353, 25.343075, 22.840257, 25.385532, 46.635478, 52.383978, 18.214117, 11.406493, 0.0, 30.207846, 22.815882], [15.009218, 10.087232, 24.397614, 27.804029, 40.47535, 18.656688, 28.337086, 18.856816, 18.963981, 11.328307, 9.753838, 20.998576, 42.504655, 36.810019, 25.177288, 0.762392, 26.187357, 9.185856, 16.150737, 16.176863, 7.803315, 23.001013, 17.85525, 17.987512, 4.822469, 44.129503, 23.646544, 41.878935, 39.005694, 30.207846, 0.0, 15.009218], [0.0, 12.490601, 22.157722, 17.454454, 27.690268, 14.048582, 14.263651, 11.846002, 20.596183, 15.990593, 19.973192, 10.663331, 30.904661, 22.02201, 25.569574, 15.532441, 11.290085, 12.801139, 15.020116, 12.782418, 18.236515, 8.78841, 3.989931, 3.0225, 12.215579, 31.672135, 31.278162, 28.88842, 28.056277, 22.815882, 15.009218, 0.0]], "end_depot": 31, "horizon": [0.0, 840.0], "instance_name": "CC15", "profits": [0, 40, 40, 40, 40, 40, 40, 40, 40, 40, 40, 40, 40, 40, 40, 40, 0, 0, 0, 0, 0, 0, 0, 0, 0, 0, 0, 0, 0, 0, 0, 0], "requests": [[1, 16], [2, 17], [3, 18], [4, 19], [5, 20], [6, 21], [7, 22], [8, 23], [9, 24], [10, 25], [11, 26], [12, 27], [13, 28], [14, 29], [15, 30]], "speed_zone_count": 4, "speed_zones": [[0.0, 120.0], [120.0, 600.0], [600.0, 720.0], [720.0, 840.0]], "start_depot": 0, "time_windows": [[0.0, 840.0], [527.0, 587.0], [143.0, 203.0], [144.0, 204.0], [154.0, 214.0], [203.0, 263.0], [22.0, 82.0], [137.0, 197.0], [411.0, 471.0], [510.0, 570.0], [193.0, 253.0], [325.0, 385.0], [80.0, 140.0], [149.0, 209.0], [272.0, 332.0], [115.0, 175.0], [549.0, 609.0], [158.0, 218.0], [176.0, 236.0], [180.0, 240.0], [228.0, 288.0], [27.0, 87.0], [152.0, 212.0], [433.0, 493.0], [524.0, 584.0], [244.0, 304.0], [366.0, 426.0], [120.0, 180.0], [167.0, 227.0], [285.0, 345.0], [115.0, 175.0], [0.0, 840.0]], "vehicle_count": 30}