{"capacity": 15, "cluster_count": 5, "cluster_speeds": [[0.5, 0.81, 0.5, 0.81], [0.67, 1.33, 0.88, 1.33], [0.88, 1.33, 0.67, 1.33], [0.85, 1.5, 0.85, 1.5], [1.0, 2.0, 1.0, 2.0]], "clusters": [[4, 4, 4, 4, 4, 4, 4, 4, 4, 4, 4, 4, 4, 4, 4, 4, 4, 4, 4, 4, 4, 4, 4, 4, 4, 4, 4, 4, 4, 4, 4, 4, 4, 4, 4, 4, 4, 4, 4, 4, 4, 4], [4, 4, 3, 2, 0, 1, 2, 4, 3, 2, 1, 4, 2, 3, 3, 1, 3, 1, 2, 3, 2, 1, 2, 3, 3, 2, 1, 3, 2, 1, 2, 3, 2, 2, 1, 3, 2, 2, 3, 3, 2, 4], [4, 3, 4, 3, 2, 4, 1, 0, 2, 3, 4, 2, 3, 2, 1, 3, 4, 3, 3, 2, 2, 3, 3, 3, 2, 1, 1, 2, 3, 1, 3, 2, 3, 3, 2, 2, 2, 3, 2, 4, 3, 4], [4, 1, 3, 4, 3, 2, 4, 3, 0, 1, 2, 1, 2, 4, 2, 0, 1, 2, 3, 1, 3, 4, 2, 3, 2, 2, 3, 3, 2, 2, 1, 4, 1, 2, 3, 1, 2, 1, 1, 3, 4, 4], [4, 0, 1, 3, 4, 3, 1, 4, 2, 4, 0, 1, 3, 2, 0, 4, 3, 3, 2, 1, 1, 2, 4, 3, 1, 2, 3, 0, 1, 1, 2, 1, 1, 3, 2, 3, 3, 2, 2, 1, 3, 4], [4, 2, 4, 1, 3, 4, 3, 2, 1, 1, 2, 3, 4, 0, 3, 2, 1, 2, 3, 1, 2, 3, 2, 2, 3, 2, 1, 3, 3, 2, 2, 2, 2, 3, 1, 2, 2, 3, 3, 4, 1, 4], [4, 1, 2, 4, 2, 3, 4, 3, 2, 2, 1, 3, 1, 4, 2, 3, 1, 1, 1, 2, 3, 3, 2, 4, 0, 2, 2, 2, 3, 1, 2, 0, 4, 3, 2, 1, 1, 2, 3, 2, 4, 4], [4, 4, 0, 3, 4, 1, 3, 4, 3, 2, 4, 2, 3, 1, 3, 0, 4, 3, 2, 2, 1, 3, 2, 3, 1, 1, 3, 1, 2, 3, 2, 3, 4, 2, 1, 1, 3, 3, 1, 1, 3, 4], [4, 3, 1, 0, 1, 2, 1, 3, 4, 1, 1, 3, 3, 2, 2, 4, 0, 2, 3, 3, 2, 4, 0, 2, 2, 3, 1, 0, 1, 1, 3, 1, 1, 3, 3, 3, 2, 2, 2, 3, 1, 4], [4, 1, 3, 2, 4, 2, 1, 1, 2, 4, 2, 2, 1, 1, 3, 3, 1, 1, 3, 3, 1, 2, 2, 4, 0, 1, 1, 2, 3, 2, 1, 0, 3, 2, 2, 2, 1, 3, 3, 3, 2, 4], [4, 2, 4, 1, 0, 1, 2, 4, 2, 1, 4, 3, 3, 2, 2, 1, 3, 3, 3, 2, 1, 3, 3, 2, 2, 1, 1, 3, 2, 2, 2, 2, 2, 1, 1, 2, 2, 2, 3, 4, 1, 4], [4, 4, 1, 2, 2, 3, 3, 1, 3, 1, 3, 4, 2, 1, 1, 3, 2, 1, 3, 2, 1, 3, 4, 3, 1, 2, 2, 2, 1, 1, 3, 3, 1, 1, 2, 3, 3, 4, 3, 2, 3, 4], [4, 1, 3, 1, 3, 4, 2, 3, 3, 2, 3, 1, 4, 2, 3, 4, 1, 3, 3, 3, 2, 1, 2, 3, 3, 2, 1, 1, 2, 1, 2, 2, 3, 3, 1, 2, 2, 2, 2, 1, 2, 4], [4, 3, 1, 4, 1, 0, 4, 2, 1, 2, 1, 2, 1, 4, 2, 3, 1, 4, 2, 3, 2, 3, 2, 2, 0, 4, 3, 0, 1, 2, 3, 3, 2, 2, 1, 1, 2, 4, 3, 1, 3, 4], [4, 3, 2, 1, 0, 3, 1, 3, 1, 3, 1, 2, 3, 1, 4, 0, 2, 3, 2, 4, 1, 2, 2, 3, 3, 0, 1, 2, 0, 1, 1, 3, 3, 2, 2, 2, 3, 3, 3, 2, 4, 4], [4, 2, 3, 0, 4, 1, 3, 0, 4, 3, 2, 3, 4, 3, 0, 4, 2, 4, 2, 3, 4, 4, 2, 1, 2, 3, 3, 3, 3, 2, 1, 2, 3, 3, 0, 4, 2, 3, 1, 2, 3, 4], [4, 3, 4, 2, 3, 2, 2, 4, 0, 2, 3, 1, 2, 2, 1, 1, 4, 1, 2, 1, 3, 2, 2, 0, 1, 1, 2, 2, 1, 2, 1, 0, 3, 1, 3, 3, 4, 2, 2, 2, 3, 4], [4, 2, 3, 1, 3, 1, 2, 3, 1, 2, 3, 2, 3, 4, 3, 4, 2, 4, 2, 1, 1, 3, 2, 1, 2, 3, 1, 3, 1, 1, 2, 2, 2, 2, 3, 2, 4, 3, 2, 4, 3, 4], [4, 1, 3, 3, 1, 3, 2, 1, 3, 3, 3, 3, 3, 1, 1, 1, 1, 1, 4, 3, 2, 2, 3, 2, 1, 2, 3, 2, 3, 3, 1, 1, 3, 3, 1, 2, 3, 2, 2, 3, 3, 4], [4, 3, 1, 2, 2, 2, 1, 1, 3, 3, 1, 1, 3, 3, 4, 3, 2, 2, 3, 4, 3, 4, 2, 4, 0, 1, 1, 2, 3, 4, 2, 2, 2, 3, 3, 2, 3, 3, 4, 2, 3, 4], [4, 1, 1, 3, 2, 1, 3, 2, 1, 2, 2, 2, 1, 1, 2, 4, 3, 2, 1, 3, 4, 2, 3, 3, 1, 1, 3, 1, 0, 4, 2, 4, 2, 2, 3, 4, 2, 4, 2, 4, 2, 4], [4, 2, 3, 4, 1, 3, 3, 3, 4, 1, 3, 3, 1, 3, 1, 4, 1, 3, 1, 4, 1, 4, 3, 0, 1, 2, 2, 4, 1, 0, 2, 3, 0, 2, 1, 4, 4, 2, 3, 1, 3, 4], [4, 1, 3, 1, 4, 1, 1, 1, 0, 1, 3, 4, 3, 1, 1, 1, 1, 1, 3, 1, 3, 3, 4, 3, 0, 2, 1, 0, 1, 4, 3, 3, 3, 4, 2, 3, 3, 1, 1, 3, 4, 4], [4, 3, 3, 3, 3, 1, 4, 3, 1, 4, 1, 3, 3, 1, 3, 2, 0, 2, 1, 4, 3, 0, 3, 4, 2, 2, 3, 3, 2, 4, 0, 2, 2, 3, 1, 2, 3, 3, 3, 2, 4, 4], [4, 3, 1, 1, 2, 3, 0, 2, 1, 0, 1, 2, 1, 0, 3, 1, 2, 1, 2, 0, 2, 2, 0, 1, 4, 2, 3, 2, 3, 1, 1, 0, 2, 2, 3, 2, 2, 2, 2, 1, 4, 4], [4, 1, 2, 1, 1, 1, 1, 2, 3, 2, 2, 1, 1, 4, 0, 3, 2, 3, 1, 2, 2, 1, 1, 1, 1, 4, 1, 2, 2, 3, 1, 3, 2, 2, 2, 3, 2, 2, 3, 4, 1, 4], [4, 2, 2, 3, 3, 2, 1, 3, 2, 2, 2, 1, 2, 3, 2, 3, 1, 2, 3, 2, 3, 1, 2, 3, 3, 2, 4, 3, 3, 1, 1, 3, 2, 4, 0, 2, 1, 3, 1, 3, 2, 4], [4, 3, 1, 3, 0, 3, 1, 2, 0, 1, 3, 1, 2, 0, 1, 3, 1, 3, 1, 1, 2, 4, 0, 3, 1, 1, 3, 4, 1, 1, 2, 1, 2, 1, 2, 3, 3, 4, 2, 4, 1, 4], [4, 1, 3, 1, 2, 3, 3, 1, 2, 3, 1, 2, 1, 2, 0, 3, 2, 2, 3, 3, 0, 2, 2, 1, 3, 1, 3, 2, 4, 0, 3, 3, 3, 2, 2, 2, 2, 2, 3, 3, 2, 4], [4, 2, 2, 1, 2, 1, 2, 3, 2, 1, 1, 2, 2, 1, 2, 1, 1, 2, 3, 4, 4, 0, 4, 4, 2, 3, 2, 2, 0, 4, 2, 2, 2, 3, 4, 2, 3, 2, 1, 3, 2, 4], [4, 1, 3, 2, 1, 1, 1, 1, 3, 2, 1, 3, 1, 3, 2, 2, 2, 1, 2, 1, 1, 1, 2, 0, 2, 2, 2, 1, 3, 1, 4, 2, 0, 3, 3, 2, 2, 3, 1, 1, 2, 4], [4, 3, 1, 4, 2, 1, 0, 3, 2, 0, 1, 3, 1, 3, 3, 1, 0, 1, 2, 1, 4, 3, 3, 1, 0, 3, 3, 2, 3, 1, 1, 4, 2, 1, 3, 3, 3, 2, 2, 2, 2, 4], [4, 2, 3, 2, 2, 1, 4, 4, 2, 3, 1, 2, 3, 1, 3, 3, 3, 1, 3, 1, 1, 0, 3, 1, 1, 1, 1, 1, 3, 1, 0, 1, 4, 3, 2, 2, 3, 1, 1, 3, 3, 4], [4, 1, 3, 1, 3, 3, 3, 1, 3, 1, 2, 2, 3, 1, 1, 3, 2, 1, 3, 3, 1, 1, 4, 3, 1, 1, 4, 2, 1, 3, 3, 2, 3, 4, 3, 3, 2, 3, 1, 2, 1, 4], [4, 2, 1, 3, 1, 2, 1, 2, 3, 1, 2, 1, 2, 2, 1, 0, 3, 3, 2, 3, 3, 2, 1, 2, 3, 1, 0, 1, 1, 4, 3, 3, 1, 3, 4, 2, 3, 2, 3, 3, 2, 4], [4, 3, 1, 2, 3, 1, 2, 2, 3, 1, 1, 3, 1, 2, 1, 4, 3, 1, 1, 1, 4, 4, 3, 1, 1, 3, 1, 3, 1, 1, 1, 3, 1, 3, 1, 4, 2, 3, 3, 3, 2, 4], [4, 1, 1, 1, 3, 1, 2, 3, 1, 2, 1, 3, 1, 1, 3, 1, 4, 4, 3, 3, 1, 4, 3, 3, 1, 2, 2, 3, 1, 3, 1, 3, 3, 1, 3, 1, 4, 2, 3, 3, 4, 4], [4, 1, 3, 2, 1, 3, 1, 3, 1, 3, 1, 4, 1, 4, 3, 3, 1, 3, 1, 3, 4, 1, 2, 3, 1, 1, 3, 4, 1, 1, 3, 1, 2, 3, 1, 3, 1, 4, 1, 4, 3, 4], [4, 3, 1, 2, 1, 3, 3, 2, 1, 3, 3, 3, 1, 3, 3, 2, 1, 1, 1, 4, 2, 3, 2, 3, 1, 3, 2, 1, 3, 2, 2, 1, 2, 2, 3, 3, 3, 2, 4, 2, 3, 4], [4, 3, 4, 3, 2, 4, 1, 2, 3, 3, 4, 1, 1, 2, 1, 1, 1, 4, 3, 1, 4, 2, 3, 1, 2, 4, 3, 4, 3, 3, 2, 1, 3, 1, 3, 3, 3, 4, 1, 4, 1, 4], [4, 1, 3, 4, 3, 2, 4, 3, 2, 1, 2, 3, 3, 3, 4, 3, 3, 3, 3, 3, 1, 3, 4, 4, 4, 2, 1, 2, 1, 1, 1, 1, 3, 2, 1, 1, 4, 3, 3, 2, 4, 4], [4, 4, 4, 4, 4, 4, 4, 4, 4, 4, 4, 4, 4, 4, 4, 4, 4, 4, 4, 4, 4, 4, 4, 4, 4, 4, 4, 4, 4, 4, 4, 4, 4, 4, 4, 4, 4, 4, 4, 4, 4, 4]], "dataset_name": "sun_et_al_2018", "demands": [0, 9, 10, 14, 11, 12, 14, 6, 12, 10, 12, 10, 10, 11, 15, 14, 8, 8, 8, 14, 7, -9, -10, -14, -11, -12, -14, -6, -12, -10, -12, -10, -10, -11, -15, -14, -8, -8, -8, -14, -7, 0], "digraph": {"arc_count": 1640, "arcs": [[0, 1, 1, 1, 1, 1, 1, 1, 1, 1, 1, 1, 1, 1, 1, 1, 1, 1, 1, 1, 1, 1, 1, 1, 1, 1, 1, 1, 1, 1, 1, 1, 1, 1, 1, 1, 1, 1, 1, 1, 1, 0], [0, 0, 1, 1, 1, 1, 1, 1, 1, 1, 1, 1, 1, 1, 1, 1, 1, 1, 1, 1, 1, 1, 1, 1, 1, 1, 1, 1, 1, 1, 1, 1, 1, 1, 1, 1, 1, 1, 1, 1, 1, 1], [0, 1, 0, 1, 1, 1, 1, 1, 1, 1, 1, 1, 1, 1, 1, 1, 1, 1, 1, 1, 1, 1, 1, 1, 1, 1, 1, 1, 1, 1, 1, 1, 1, 1, 1, 1, 1, 1, 1, 1, 1, 1], [0, 1, 1, 0, 1, 1, 1, 1, 1, 1, 1, 1, 1, 1, 1, 1, 1, 1, 1, 1, 1, 1, 1, 1, 1, 1, 1, 1, 1, 1, 1, 1, 1, 1, 1, 1, 1, 1, 1, 1, 1, 1], [0, 1, 1, 1, 0, 1, 1, 1, 1, 1, 1, 1, 1, 1, 1, 1, 1, 1, 1, 1, 1, 1, 1, 1, 1, 1, 1, 1, 1, 1, 1, 1, 1, 1, 1, 1, 1, 1, 1, 1, 1, 1], [0, 1, 1, 1, 1, 0, 1, 1, 1, 1, 1, 1, 1, 1, 1, 1, 1, 1, 1, 1, 1, 1, 1, 1, 1, 1, 1, 1, 1, 1, 1, 1, 1, 1, 1, 1, 1, 1, 1, 1, 1, 1], [0, 1, 1, 1, 1, 1, 0, 1, 1, 1, 1, 1, 1, 1, 1, 1, 1, 1, 1, 1, 1, 1, 1, 1, 1, 1, 1, 1, 1, 1, 1, 1, 1, 1, 1, 1, 1, 1, 1, 1, 1, 1], [0, 1, 1, 1, 1, 1, 1, 0, 1, 1, 1, 1, 1, 1, 1, 1, 1, 1, 1, 1, 1, 1, 1, 1, 1, 1, 1, 1, 1, 1, 1, 1, 1, 1, 1, 1, 1, 1, 1, 1, 1, 1], [0, 1, 1, 1, 1, 1, 1, 1, 0, 1, 1, 1, 1, 1, 1, 1, 1, 1, 1, 1, 1, 1, 1, 1, 1, 1, 1, 1, 1, 1, 1, 1, 1, 1, 1, 1, 1, 1, 1, 1, 1, 1], [0, 1, 1, 1, 1, 1, 1, 1, 1, 0, 1, 1, 1, 1, 1, 1, 1, 1, 1, 1, 1, 1, 1, 1, 1, 1, 1, 1, 1, 1, 1, 1, 1, 1, 1, 1, 1, 1, 1, 1, 1, 1], [0, 1, 1, 1, 1, 1, 1, 1, 1, 1, 0, 1, 1, 1, 1, 1, 1, 1, 1, 1, 1, 1, 1, 1, 1, 1, 1, 1, 1, 1, 1, 1, 1, 1, 1, 1, 1, 1, 1, 1, 1, 1], [0, 1, 1, 1, 1, 1, 1, 1, 1, 1, 1, 0, 1, 1, 1, 1, 1, 1, 1, 1, 1, 1, 1, 1, 1, 1, 1, 1, 1, 1, 1, 1, 1, 1, 1, 1, 1, 1, 1, 1, 1, 1], [0, 1, 1, 1, 1, 1, 1, 1, 1, 1, 1, 1, 0, 1, 1, 1, 1, 1, 1, 1, 1, 1, 1, 1, 1, 1, 1, 1, 1, 1, 1, 1, 1, 1, 1, 1, 1, 1, 1, 1, 1, 1], [0, 1, 1, 1, 1, 1, 1, 1, 1, 1, 1, 1, 1, 0, 1, 1, 1, 1, 1, 1, 1, 1, 1, 1, 1, 1, 1, 1, 1, 1, 1, 1, 1, 1, 1, 1, 1, 1, 1, 1, 1, 1], [0, 1, 1, 1, 1, 1, 1, 1, 1, 1, 1, 1, 1, 1, 0, 1, 1, 1, 1, 1, 1, 1, 1, 1, 1, 1, 1, 1, 1, 1, 1, 1, 1, 1, 1, 1, 1, 1, 1, 1, 1, 1], [0, 1, 1, 1, 1, 1, 1, 1, 1, 1, 1, 1, 1, 1, 1, 0, 1, 1, 1, 1, 1, 1, 1, 1, 1, 1, 1, 1, 1, 1, 1, 1, 1, 1, 1, 1, 1, 1, 1, 1, 1, 1], [0, 1, 1, 1, 1, 1, 1, 1, 1, 1, 1, 1, 1, 1, 1, 1, 0, 1, 1, 1, 1, 1, 1, 1, 1, 1, 1, 1, 1, 1, 1, 1, 1, 1, 1, 1, 1, 1, 1, 1, 1, 1], [0, 1, 1, 1, 1, 1, 1, 1, 1, 1, 1, 1, 1, 1, 1, 1, 1, 0, 1, 1, 1, 1, 1, 1, 1, 1, 1, 1, 1, 1, 1, 1, 1, 1, 1, 1, 1, 1, 1, 1, 1, 1], [0, 1, 1, 1, 1, 1, 1, 1, 1, 1, 1, 1, 1, 1, 1, 1, 1, 1, 0, 1, 1, 1, 1, 1, 1, 1, 1, 1, 1, 1, 1, 1, 1, 1, 1, 1, 1, 1, 1, 1, 1, 1], [0, 1, 1, 1, 1, 1, 1, 1, 1, 1, 1, 1, 1, 1, 1, 1, 1, 1, 1, 0, 1, 1, 1, 1, 1, 1, 1, 1, 1, 1, 1, 1, 1, 1, 1, 1, 1, 1, 1, 1, 1, 1], [0, 1, 1, 1, 1, 1, 1, 1, 1, 1, 1, 1, 1, 1, 1, 1, 1, 1, 1, 1, 0, 1, 1, 1, 1, 1, 1, 1, 1, 1, 1, 1, 1, 1, 1, 1, 1, 1, 1, 1, 1, 1], [0, 1, 1, 1, 1, 1, 1, 1, 1, 1, 1, 1, 1, 1, 1, 1, 1, 1, 1, 1, 1, 0, 1, 1, 1, 1, 1, 1, 1, 1, 1, 1, 1, 1, 1, 1, 1, 1, 1, 1, 1, 1], [0, 1, 1, 1, 1, 1, 1, 1, 1, 1, 1, 1, 1, 1, 1, 1, 1, 1, 1, 1, 1, 1, 0, 1, 1, 1, 1, 1, 1, 1, 1, 1, 1, 1, 1, 1, 1, 1, 1, 1, 1, 1], [0, 1, 1, 1, 1, 1, 1, 1, 1, 1, 1, 1, 1, 1, 1, 1, 1, 1, 1, 1, 1, 1, 1, 0, 1, 1, 1, 1, 1, 1, 1, 1, 1, 1, 1, 1, 1, 1, 1, 1, 1, 1], [0, 1, 1, 1, 1, 1, 1, 1, 1, 1, 1, 1, 1, 1, 1, 1, 1, 1, 1, 1, 1, 1, 1, 1, 0, 1, 1, 1, 1, 1, 1, 1, 1, 1, 1, 1, 1, 1, 1, 1, 1, 1], [0, 1, 1, 1, 1, 1, 1, 1, 1, 1, 1, 1, 1, 1, 1, 1, 1, 1, 1, 1, 1, 1, 1, 1, 1, 0, 1, 1, 1, 1, 1, 1, 1, 1, 1, 1, 1, 1, 1, 1, 1, 1], [0, 1, 1, 1, 1, 1, 1, 1, 1, 1, 1, 1, 1, 1, 1, 1, 1, 1, 1, 1, 1, 1, 1, 1, 1, 1, 0, 1, 1, 1, 1, 1, 1, 1, 1, 1, 1, 1, 1, 1, 1, 1], [0, 1, 1, 1, 1, 1, 1, 1, 1, 1, 1, 1, 1, 1, 1, 1, 1, 1, 1, 1, 1, 1, 1, 1, 1, 1, 1, 0, 1, 1, 1, 1, 1, 1, 1, 1, 1, 1, 1, 1, 1, 1], [0, 1, 1, 1, 1, 1, 1, 1, 1, 1, 1, 1, 1, 1, 1, 1, 1, 1, 1, 1, 1, 1, 1, 1, 1, 1, 1, 1, 0, 1, 1, 1, 1, 1, 1, 1, 1, 1, 1, 1, 1, 1], [0, 1, 1, 1, 1, 1, 1, 1, 1, 1, 1, 1, 1, 1, 1, 1, 1, 1, 1, 1, 1, 1, 1, 1, 1, 1, 1, 1, 1, 0, 1, 1, 1, 1, 1, 1, 1, 1, 1, 1, 1, 1], [0, 1, 1, 1, 1, 1, 1, 1, 1, 1, 1, 1, 1, 1, 1, 1, 1, 1, 1, 1, 1, 1, 1, 1, 1, 1, 1, 1, 1, 1, 0, 1, 1, 1, 1, 1, 1, 1, 1, 1, 1, 1], [0, 1, 1, 1, 1, 1, 1, 1, 1, 1, 1, 1, 1, 1, 1, 1, 1, 1, 1, 1, 1, 1, 1, 1, 1, 1, 1, 1, 1, 1, 1, 0, 1, 1, 1, 1, 1, 1, 1, 1, 1, 1], [0, 1, 1, 1, 1, 1, 1, 1, 1, 1, 1, 1, 1, 1, 1, 1, 1, 1, 1, 1, 1, 1, 1, 1, 1, 1, 1, 1, 1, 1, 1, 1, 0, 1, 1, 1, 1, 1, 1, 1, 1, 1], [0, 1, 1, 1, 1, 1, 1, 1, 1, 1, 1, 1, 1, 1, 1, 1, 1, 1, 1, 1, 1, 1, 1, 1, 1, 1, 1, 1, 1, 1, 1, 1, 1, 0, 1, 1, 1, 1, 1, 1, 1, 1], [0, 1, 1, 1, 1, 1, 1, 1, 1, 1, 1, 1, 1, 1, 1, 1, 1, 1, 1, 1, 1, 1, 1, 1, 1, 1, 1, 1, 1, 1, 1, 1, 1, 1, 0, 1, 1, 1, 1, 1, 1, 1], [0, 1, 1, 1, 1, 1, 1, 1, 1, 1, 1, 1, 1, 1, 1, 1, 1, 1, 1, 1, 1, 1, 1, 1, 1, 1, 1, 1, 1, 1, 1, 1, 1, 1, 1, 0, 1, 1, 1, 1, 1, 1], [0, 1, 1, 1, 1, 1, 1, 1, 1, 1, 1, 1, 1, 1, 1, 1, 1, 1, 1, 1, 1, 1, 1, 1, 1, 1, 1, 1, 1, 1, 1, 1, 1, 1, 1, 1, 0, 1, 1, 1, 1, 1], [0, 1, 1, 1, 1, 1, 1, 1, 1, 1, 1, 1, 1, 1, 1, 1, 1, 1, 1, 1, 1, 1, 1, 1, 1, 1, 1, 1, 1, 1, 1, 1, 1, 1, 1, 1, 1, 0, 1, 1, 1, 1], [0, 1, 1, 1, 1, 1, 1, 1, 1, 1, 1, 1, 1, 1, 1, 1, 1, 1, 1, 1, 1, 1, 1, 1, 1, 1, 1, 1, 1, 1, 1, 1, 1, 1, 1, 1, 1, 1, 0, 1, 1, 1], [0, 1, 1, 1, 1, 1, 1, 1, 1, 1, 1, 1, 1, 1, 1, 1, 1, 1, 1, 1, 1, 1, 1, 1, 1, 1, 1, 1, 1, 1, 1, 1, 1, 1, 1, 1, 1, 1, 1, 0, 1, 1], [0, 1, 1, 1, 1, 1, 1, 1, 1, 1, 1, 1, 1, 1, 1, 1, 1, 1, 1, 1, 1, 1, 1, 1, 1, 1, 1, 1, 1, 1, 1, 1, 1, 1, 1, 1, 1, 1, 1, 1, 0, 1], [0, 0, 0, 0, 0, 0, 0, 0, 0, 0, 0, 0, 0, 0, 0, 0, 0, 0, 0, 0, 0, 0, 0, 0, 0, 0, 0, 0, 0, 0, 0, 0, 0, 0, 0, 0, 0, 0, 0, 0, 0, 0]], "coordinates": [[25.0, 25.0], [34.548, 16.947], [28.402, 46.895], [16.459, 40.222], [2.98, 41.789], [27.881, 11.25], [12.338, 31.567], [24.993, 36.846], [34.128, 43.463], [37.055, 14.494], [42.347, 34.9], [21.314, 35.006], [4.802, 1.609], [3.391, 29.245], [32.467, 49.455], [40.532, 24.883], [43.111, 6.773], [7.223, 34.563], [16.03, 15.249], [8.135, 15.82], [30.819, 3.48], [13.85, 26.773], [34.924, 33.086], [31.72, 11.567], [28.881, 37.179], [41.328, 33.122], [17.327, 29.285], [22.503, 21.888], [22.048, 24.351], [36.595, 28.844], [1.654, 3.597], [47.114, 2.88], [1.391, 41.648], [7.407, 46.855], [18.813, 46.961], [40.003, 25.432], [14.914, 28.117], [22.596, 8.832], [17.636, 45.275], [46.958, 7.59], [34.451, 5.703], [25.0, 25.0]], "vertex_count": 42}, "distances": [[0.0, 12.490601, 22.157722, 17.454454, 27.690268, 14.048582, 14.263651, 11.846002, 20.596183, 15.990593, 19.973192, 10.663331, 30.904661, 22.02201, 25.569574, 15.532441, 25.694977, 20.185953, 13.24926, 19.201579, 22.29285, 11.290085, 12.801139, 15.020116, 12.782418, 18.236515, 8.78841, 3.989931, 3.0225, 12.215579, 31.672135, 31.278162, 28.88842, 28.056277, 22.815882, 15.009218, 10.556661, 16.345747, 21.570909, 28.022524, 21.487103, 0.0], [12.490601, 0.0, 30.572145, 29.477747, 40.170432, 8.769532, 26.590008, 22.074153, 26.519326, 3.507457, 19.573825, 22.388976, 33.467578, 33.49626, 32.57454, 9.939233, 13.297941, 32.511215, 18.595686, 26.437033, 13.973744, 22.911951, 16.143379, 6.077992, 21.010681, 17.538501, 21.184643, 13.019044, 14.528221, 12.071819, 35.499827, 18.86226, 41.346415, 40.387156, 33.8885, 10.087232, 22.588999, 14.446575, 32.992292, 15.54225, 11.244418, 12.490601], [22.157722, 30.572145, 0.0, 13.680796, 25.9297, 35.648807, 22.203596, 10.611488, 6.675755, 33.536535, 18.394104, 13.841534, 51.066445, 30.611642, 4.803938, 25.132947, 42.733237, 24.507718, 33.978459, 37.099958, 43.482228, 24.832551, 15.271705, 35.483471, 9.7278, 18.888542, 20.80307, 25.69335, 23.422324, 19.823316, 50.893735, 47.827389, 27.515907, 20.995038, 9.589227, 24.397614, 23.120109, 38.503267, 10.887201, 43.465022, 41.633776, 22.157722], [17.454454, 29.477747, 13.680796, 0.0, 13.56978, 31.142236, 9.586014, 9.177501, 17.963787, 32.956414, 26.429382, 7.125846, 40.334221, 17.066551, 18.479836, 28.544601, 42.768735, 10.831804, 24.976685, 25.78268, 39.4485, 13.699726, 19.795927, 32.465476, 12.78929, 25.86266, 10.97139, 19.304546, 16.826335, 23.128281, 39.50416, 48.313083, 15.135326, 11.222094, 7.138308, 27.804029, 12.203198, 31.984291, 5.188269, 44.665831, 38.926513, 17.454454], [27.690268, 40.170432, 25.9297, 13.56978, 0.0, 39.404192, 13.858624, 22.561148, 31.192951, 43.659165, 39.965223, 19.54852, 40.221289, 12.550731, 30.467207, 41.182102, 53.259904, 8.379626, 29.57489, 26.475706, 47.355986, 18.537453, 33.108327, 41.705598, 26.308058, 39.315213, 19.031196, 27.878259, 25.839359, 36.0214, 38.215012, 58.836385, 1.595244, 6.727755, 16.656334, 40.47535, 18.147836, 38.352983, 15.064877, 55.710287, 47.881345, 27.690268], [14.048582, 8.769532, 35.648807, 31.142236, 39.404192, 0.0, 25.580566, 25.758411, 32.813143, 9.730663, 27.723413, 24.646968, 25.01178, 30.390461, 38.47926, 18.598562, 15.874395, 31.148819, 12.507526, 20.267941, 8.306909, 20.924447, 22.94373, 3.852066, 25.948276, 25.675011, 20.896127, 11.920148, 14.340854, 19.633712, 27.32076, 20.975347, 40.320696, 41.071897, 36.844323, 18.656688, 21.275309, 5.81188, 35.533937, 19.42492, 8.598495, 14.048582], [14.263651, 26.590008, 22.203596, 9.586014, 13.858624, 25.580566, 0.0, 13.711924, 24.825771, 30.040263, 30.193525, 9.612247, 30.89131, 9.243403, 26.928743, 28.975464, 39.518603, 5.927836, 16.730451, 16.298258, 33.621822, 5.026786, 22.637022, 27.850708, 17.468984, 29.031675, 5.486132, 14.036035, 12.097717, 24.409358, 29.941088, 45.081195, 14.881645, 16.063552, 16.700325, 28.337086, 4.30561, 24.942069, 14.696192, 42.112242, 34.028389, 14.263651], [11.846002, 22.074153, 10.611488, 9.177501, 22.561148, 25.758411, 13.711924, 0.0, 11.279757, 25.398893, 17.462767, 4.113471, 40.611854, 22.900253, 14.657679, 19.610556, 35.109077, 17.916054, 23.383023, 26.949672, 33.870817, 15.021045, 10.618962, 26.158753, 3.902234, 16.754116, 10.767371, 15.163834, 12.837369, 14.093914, 40.622714, 40.534279, 24.085548, 20.234809, 11.853507, 18.856816, 13.33348, 28.116362, 11.188096, 36.583805, 32.547507, 11.846002], [20.596183, 26.519326, 6.675755, 17.963787, 31.192951, 32.813143, 24.825771, 11.279757, 0.0, 29.116495, 11.869159, 15.353157, 51.105495, 33.866129, 6.217957, 19.652675, 37.773673, 28.338825, 33.519657, 37.944321, 40.119693, 26.263156, 10.407485, 31.986767, 8.186554, 12.600646, 21.983841, 24.507575, 22.609621, 14.825696, 51.418466, 42.610047, 32.787275, 26.935432, 15.709399, 18.963981, 24.590191, 36.500592, 16.591245, 38.098307, 37.761381, 20.596183], [15.990593, 3.507457, 33.536535, 32.956414, 43.659165, 9.730663, 30.040263, 25.398893, 29.116495, 0.0, 21.081037, 25.855777, 34.731531, 36.754005, 35.260761, 10.955403, 9.812695, 35.954318, 21.038552, 28.950383, 12.656852, 26.253492, 18.713728, 6.085191, 24.112725, 19.1118, 24.657, 16.322743, 17.954679, 14.357371, 37.040186, 15.36452, 44.824777, 43.888931, 37.240793, 11.328307, 25.996346, 15.528069, 36.394608, 12.07206, 9.16856, 15.990593], [19.973192, 19.573825, 18.394104, 26.429382, 39.965223, 27.723413, 30.193525, 17.462767, 11.869159, 21.081037, 0.0, 21.033267, 50.178857, 39.364311, 17.591544, 10.180104, 28.137374, 35.125617, 32.844273, 39.172788, 33.468062, 29.63321, 7.641435, 25.639072, 13.657489, 2.049304, 25.642321, 23.729654, 22.876425, 8.352284, 51.340024, 32.372901, 41.508185, 36.928656, 26.4446, 9.753838, 28.259133, 32.705391, 26.800637, 27.696524, 30.245853, 19.973192], [10.663331, 22.388976, 13.841534, 7.125846, 19.54852, 24.646968, 9.612247, 4.113471, 15.353157, 25.855777, 21.033267, 0.0, 37.255949, 18.826127, 18.252753, 21.721111, 35.668074, 14.097962, 20.451399, 23.276354, 32.927704, 11.112767, 13.744763, 25.645108, 7.872828, 20.102479, 6.973235, 13.171775, 10.680252, 16.476626, 37.054566, 41.203396, 21.001002, 18.270289, 12.213805, 20.998576, 9.403102, 26.205377, 10.907797, 37.540003, 32.113028, 10.663331], [30.904661, 33.467578, 51.066445, 40.334221, 40.221289, 25.01178, 30.89131, 40.611854, 51.105495, 34.731531, 50.178857, 37.255949, 0.0, 27.671997, 55.268363, 42.641669, 38.655483, 33.042811, 17.66685, 14.596623, 26.084189, 26.741227, 43.567607, 28.70088, 42.953733, 48.241246, 30.378226, 26.917712, 28.541603, 41.86335, 3.723177, 42.331085, 40.184032, 45.320928, 47.466957, 42.504655, 28.371229, 19.204118, 45.512977, 42.578172, 29.93032, 30.904661], [22.02201, 33.49626, 30.611642, 17.066551, 12.550731, 30.390461, 9.243403, 22.900253, 33.866129, 36.754005, 39.364311, 18.826127, 27.671997, 0.0, 35.409856, 37.396269, 45.63627, 6.554796, 18.858217, 14.238545, 37.631508, 10.747161, 31.766073, 33.392273, 26.696226, 38.134592, 13.936057, 20.479111, 19.288206, 33.206421, 25.706752, 51.056968, 12.563217, 18.062125, 23.488183, 36.810019, 11.578079, 28.027176, 21.444834, 48.652056, 38.973701, 22.02201], [25.569574, 32.57454, 4.803938, 18.479836, 30.467207, 38.47926, 26.928743, 14.657679, 6.217957, 35.260761, 17.591544, 18.252753, 55.268363, 35.409856, 0.0, 25.861698, 43.989179, 29.309234, 37.950302, 41.513365, 46.004527, 29.343923, 16.552372, 37.895363, 12.789041, 18.581825, 25.220002, 29.312468, 27.180257, 21.020316, 55.248503, 48.823818, 32.041645, 25.194515, 13.879905, 25.177288, 27.630021, 41.805081, 15.408795, 44.302001, 43.796961, 25.569574], [15.532441, 9.939233, 25.132947, 28.544601, 41.182102, 18.598562, 28.975464, 19.610556, 19.652675, 10.955403, 10.180104, 21.721111, 42.641669, 37.396269, 25.861698, 0.0, 18.292713, 34.687056, 26.327969, 33.640802, 23.503846, 26.748855, 9.936744, 15.967692, 16.939227, 8.277363, 23.618841, 18.276074, 18.491654, 5.584755, 44.323726, 22.966383, 42.580314, 39.749647, 30.970196, 0.762392, 25.821322, 24.069373, 30.660406, 18.448342, 20.120909, 15.532441], [25.694977, 13.297941, 42.733237, 42.768735, 53.259904, 15.874395, 39.518603, 35.109077, 37.773673, 9.812695, 28.137374, 35.668074, 38.655483, 45.63627, 43.989179, 18.292713, 0.0, 45.389786, 28.376454, 36.12712, 12.725451, 35.442998, 27.55723, 12.358694, 33.571085, 26.409258, 34.228713, 25.556856, 27.434213, 23.012764, 41.578478, 5.583857, 54.376686, 53.678137, 46.962412, 18.916076, 35.364349, 20.618067, 46.166867, 3.932798, 8.725852, 25.694977], [20.185953, 32.511215, 24.507718, 10.831804, 8.379626, 31.148819, 5.927836, 17.916054, 28.338825, 35.954318, 35.125617, 14.097962, 33.042811, 6.554796, 29.309234, 34.687056, 45.389786, 0.0, 21.227196, 18.765175, 39.02466, 10.227474, 27.740348, 33.59939, 21.815417, 34.135429, 11.399478, 19.852809, 18.001821, 29.923592, 31.462786, 50.942167, 9.176571, 12.293377, 16.971697, 34.027982, 10.035058, 29.973547, 14.939127, 48.025128, 39.676991, 20.185953], [13.24926, 18.595686, 33.978459, 24.976685, 29.57489, 12.507526, 16.730451, 23.383023, 33.519657, 21.038552, 32.844273, 20.451399, 17.66685, 18.858217, 37.950302, 26.327969, 28.376454, 21.227196, 0.0, 7.915622, 18.900367, 11.728383, 25.983491, 16.116241, 25.417968, 30.974714, 14.095797, 9.272327, 10.911587, 24.652449, 18.505093, 33.454555, 30.186214, 32.761187, 31.833882, 26.046079, 12.916303, 9.180972, 30.068919, 31.862226, 20.747514, 13.24926], [19.201579, 26.437033, 37.099958, 25.78268, 26.475706, 20.267941, 16.298258, 26.949672, 37.944321, 28.950383, 39.172788, 23.276354, 14.596623, 14.238545, 41.513365, 33.640802, 36.12712, 18.765175, 7.915622, 0.0, 25.823235, 12.354329, 31.871073, 23.965397, 29.775886, 37.431731, 16.303346, 15.596796, 16.320218, 31.298501, 13.834923, 41.070744, 26.693953, 31.043537, 32.920838, 33.286033, 14.041761, 16.060905, 30.949411, 39.685743, 28.193715, 19.201579], [22.29285, 13.973744, 43.482228, 39.4485, 47.355986, 8.306909, 33.621822, 33.870817, 40.119693, 12.656852, 33.468062, 32.927704, 26.084189, 37.631508, 46.004527, 23.503846, 12.725451, 39.02466, 18.900367, 25.823235, 0.0, 28.818584, 29.889233, 8.137037, 33.75468, 31.449757, 29.119273, 20.199265, 22.639105, 26.013356, 29.165235, 16.306043, 48.195471, 49.290084, 45.108108, 23.795717, 29.324918, 9.811301, 43.824805, 16.654111, 4.258304, 22.29285], [11.290085, 22.911951, 24.832551, 13.699726, 18.537453, 20.924447, 5.026786, 15.021045, 26.263156, 26.253492, 29.63321, 11.112767, 26.741227, 10.747161, 29.343923, 26.748855, 35.442998, 10.227474, 11.728383, 12.354329, 28.818584, 0.0, 21.99926, 23.464001, 18.28157, 28.201955, 4.289484, 9.936681, 8.548292, 22.839091, 26.189108, 40.955697, 19.40341, 21.090258, 20.789101, 26.187357, 1.714186, 19.959258, 18.885386, 38.263915, 29.467713, 11.290085], [12.801139, 16.143379, 15.271705, 19.795927, 33.108327, 22.94373, 22.637022, 10.618962, 10.407485, 18.713728, 7.641435, 13.744763, 43.567607, 31.766073, 16.552372, 9.936744, 27.55723, 27.740348, 25.983491, 31.871073, 29.889233, 21.99926, 0.0, 21.756217, 7.298664, 6.404101, 18.002833, 16.72353, 15.559293, 4.559255, 44.457778, 32.572972, 34.608813, 30.769638, 21.262172, 9.185856, 20.617737, 27.20728, 21.152935, 28.193318, 27.387085, 12.801139], [15.020116, 6.077992, 35.483471, 32.465476, 41.705598, 3.852066, 27.850708, 26.158753, 31.986767, 6.085191, 25.639072, 25.645108, 28.70088, 33.392273, 37.895363, 15.967692, 12.358694, 33.59939, 16.116241, 23.965397, 8.137037, 23.464001, 21.756217, 0.0, 25.768866, 23.5994, 22.827308, 13.83749, 16.030541, 17.951611, 31.104425, 17.67595, 42.716681, 42.852829, 37.673942, 16.150737, 23.586948, 9.525104, 36.532018, 15.748434, 6.46876, 15.020116], [12.782418, 21.010681, 9.7278, 12.78929, 26.308058, 25.948276, 17.468984, 3.902234, 8.186554, 24.112725, 13.657489, 7.872828, 42.953733, 26.696226, 12.789041, 16.939227, 33.571085, 21.815417, 25.417968, 29.775886, 33.75468, 18.28157, 7.298664, 25.768866, 0.0, 13.091488, 13.993218, 16.567847, 14.534355, 11.356849, 43.232629, 38.844095, 27.85089, 23.553294, 14.037526, 16.176863, 16.649232, 29.035386, 13.856235, 34.674008, 31.965035, 12.782418], [18.236515, 17.538501, 18.888542, 25.86266, 39.315213, 25.675011, 29.031675, 16.754116, 12.600646, 19.1118, 2.049304, 20.102479, 48.241246, 38.134592, 18.581825, 8.277363, 26.409258, 34.135429, 30.974714, 37.431731, 31.449757, 28.201955, 6.404101, 23.5994, 13.091488, 0.0, 24.305772, 21.922212, 21.181332, 6.379857, 49.454544, 30.790524, 40.836952, 36.595485, 26.428075, 7.803315, 26.883999, 30.673962, 26.627172, 26.145361, 28.268263, 18.236515], [8.78841, 21.184643, 20.80307, 10.97139, 19.031196, 20.896127, 5.486132, 10.767371, 21.983841, 24.657, 25.642321, 6.973235, 30.378226, 13.936057, 25.220002, 23.618841, 34.228713, 11.399478, 14.095797, 16.303346, 29.119273, 4.289484, 18.002833, 22.827308, 13.993218, 24.305772, 0.0, 9.0281, 6.828777, 19.273046, 30.091797, 39.805645, 20.16928, 20.176999, 17.738353, 23.001013, 2.680819, 21.120785, 15.992985, 36.724232, 29.143474, 8.78841], [3.989931, 13.019044, 25.69335, 19.304546, 27.878259, 11.920148, 14.036035, 15.163834, 24.507575, 16.322743, 23.729654, 13.171775, 26.917712, 20.479111, 29.312468, 18.276074, 25.556856, 19.852809, 9.272327, 15.596796, 20.199265, 9.936681, 16.72353, 13.83749, 16.567847, 21.922212, 9.0281, 0.0, 2.504674, 15.715292, 27.735203, 31.09671, 28.916676, 29.176023, 25.343075, 17.85525, 9.818012, 13.056331, 23.888061, 28.328075, 20.117379, 3.989931], [3.0225, 14.528221, 23.422324, 16.826335, 25.839359, 14.340854, 12.097717, 12.837369, 22.609621, 17.954679, 22.876425, 10.680252, 28.541603, 19.288206, 27.180257, 18.491654, 27.434213, 18.001821, 10.911587, 16.320218, 22.639105, 8.548292, 15.559293, 16.030541, 14.534355, 21.181332, 6.828777, 2.504674, 0.0, 15.225054, 29.097143, 33.004669, 26.942492, 26.847512, 22.840257, 17.987512, 8.067014, 15.528672, 21.384095, 30.023977, 22.396033, 3.0225], [12.215579, 12.071819, 19.823316, 23.128281, 36.0214, 19.633712, 24.409358, 14.093914, 14.825696, 14.357371, 8.352284, 16.476626, 41.86335, 33.206421, 21.020316, 5.584755, 23.012764, 29.923592, 24.652449, 31.298501, 26.013356, 22.839091, 4.559255, 17.951611, 11.356849, 6.379857, 19.273046, 15.715292, 15.225054, 0.0, 43.107824, 28.013901, 37.460166, 34.297747, 25.385532, 4.822469, 21.693185, 24.42237, 25.088273, 23.645809, 23.240108, 12.215579], [31.672135, 35.499827, 50.893735, 39.50416, 38.215012, 27.32076, 29.941088, 40.622714, 51.418466, 37.040186, 51.340024, 37.054566, 3.723177, 25.706752, 55.248503, 44.323726, 41.578478, 31.462786, 18.505093, 13.834923, 29.165235, 26.189108, 44.457778, 31.104425, 43.232629, 49.454544, 30.091797, 27.735203, 29.097143, 43.107824, 0.0, 45.465654, 38.051909, 43.638877, 46.635478, 44.129503, 27.87576, 21.586398, 44.637204, 45.479627, 32.864547, 31.672135], [31.278162, 18.86226, 47.827389, 48.313083, 58.836385, 20.975347, 45.081195, 40.534279, 42.610047, 15.36452, 32.372901, 41.203396, 42.331085, 51.056968, 48.823818, 22.966383, 5.583857, 50.942167, 33.454555, 41.070744, 16.306043, 40.955697, 32.572972, 17.67595, 38.844095, 30.790524, 39.805645, 31.09671, 33.004669, 28.013901, 45.465654, 0.0, 59.946231, 59.249021, 52.383978, 23.646544, 40.911443, 25.230114, 51.636116, 4.712583, 12.973854, 31.278162], [28.88842, 41.346415, 27.515907, 15.135326, 1.595244, 40.320696, 14.881645, 24.085548, 32.787275, 44.824777, 41.508185, 21.001002, 40.184032, 12.563217, 32.041645, 42.580314, 54.376686, 9.176571, 30.186214, 26.693953, 48.195471, 19.40341, 34.608813, 42.716681, 27.85089, 40.836952, 20.16928, 28.916676, 26.942492, 37.460166, 38.051909, 59.946231, 0.0, 7.956451, 18.214117, 41.878935, 19.130068, 39.070985, 16.644974, 56.888477, 48.83653, 28.88842], [28.056277, 40.387156, 20.995038, 11.222094, 6.727755, 41.071897, 16.063552, 20.234809, 26.935432, 43.888931, 36.928656, 18.270289, 45.320928, 18.062125, 25.194515, 39.749647, 53.678137, 12.293377, 32.761187, 31.043537, 49.290084, 21.090258, 30.769638, 42.852829, 23.553294, 36.595485, 20.176999, 29.176023, 26.847512, 34.297747, 43.638877, 59.249021, 7.956451, 0.0, 11.406493, 39.005694, 20.185829, 40.944526, 10.350306, 55.731695, 49.242919, 28.056277], [22.815882, 33.8885, 9.589227, 7.138308, 16.656334, 36.844323, 16.700325, 11.853507, 15.709399, 37.240793, 26.4446, 12.213805, 47.466957, 23.488183, 13.879905, 30.970196, 46.962412, 16.971697, 31.833882, 32.920838, 45.108108, 20.789101, 21.262172, 37.673942, 14.037526, 26.428075, 17.738353, 25.343075, 22.840257, 25.385532, 46.635478, 52.383978, 18.214117, 11.406493, 0.0, 30.207846, 19.243143, 38.316207, 2.056192, 48.396453, 44.122212, 22.815882], [15.009218, 10.087232, 24.397614, 27.804029, 40.47535, 18.656688, 28.337086, 18.856816, 18.963981, 11.328307, 9.753838, 20.998576, 42.504655, 36.810019, 25.177288, 0.762392, 18.916076, 34.027982, 26.046079, 33.286033, 23.795717, 26.187357, 9.185856, 16.150737, 16.176863, 7.803315, 23.001013, 17.85525, 17.987512, 4.822469, 44.129503, 23.646544, 41.878935, 39.005694, 30.207846, 0.0, 25.232264, 24.05335, 29.90029, 19.149647, 20.49532, 15.009218], [10.556661, 22.588999, 23.120109, 12.203198, 18.147836, 21.275309, 4.30561, 13.33348, 24.590191, 25.996346, 28.259133, 9.403102, 28.371229, 11.578079, 27.630021, 25.821322, 35.364349, 10.035058, 12.916303, 14.041761, 29.324918, 1.714186, 20.617737, 23.586948, 16.649232, 26.883999, 2.680819, 9.818012, 8.067014, 21.693185, 27.87576, 40.911443, 19.130068, 20.185829, 19.243143, 25.232264, 0.0, 20.758717, 17.372572, 38.054903, 29.733512, 10.556661], [16.345747, 14.446575, 38.503267, 31.984291, 38.352983, 5.81188, 24.942069, 28.116362, 36.500592, 15.528069, 32.705391, 26.205377, 19.204118, 28.027176, 41.805081, 24.069373, 20.618067, 29.973547, 9.180972, 16.060905, 9.811301, 19.959258, 27.20728, 9.525104, 29.035386, 30.673962, 21.120785, 13.056331, 15.528672, 24.42237, 21.586398, 25.230114, 39.070985, 40.944526, 38.316207, 24.05335, 20.758717, 0.0, 36.778987, 24.393639, 12.260981, 16.345747], [21.570909, 32.992292, 10.887201, 5.188269, 15.064877, 35.533937, 14.696192, 11.188096, 16.591245, 36.394608, 26.800637, 10.907797, 45.512977, 21.444834, 15.408795, 30.660406, 46.166867, 14.939127, 30.068919, 30.949411, 43.824805, 18.885386, 21.152935, 36.532018, 13.856235, 26.627172, 15.992985, 23.888061, 21.384095, 25.088273, 44.637204, 51.636116, 16.644974, 10.350306, 2.056192, 29.90029, 17.372572, 36.778987, 0.0, 47.748706, 42.996365, 21.570909], [28.022524, 15.54225, 43.465022, 44.665831, 55.710287, 19.42492, 42.112242, 36.583805, 38.098307, 12.07206, 27.696524, 37.540003, 42.578172, 48.652056, 44.302001, 18.448342, 3.932798, 48.025128, 31.862226, 39.685743, 16.654111, 38.263915, 28.193318, 15.748434, 34.674008, 26.145361, 36.724232, 28.328075, 30.023977, 23.645809, 45.479627, 4.712583, 56.888477, 55.731695, 48.396453, 19.149647, 38.054903, 24.393639, 47.748706, 0.0, 12.64855, 28.022524], [21.487103, 11.244418, 41.633776, 38.926513, 47.881345, 8.598495, 34.028389, 32.547507, 37.761381, 9.16856, 30.245853, 32.113028, 29.93032, 38.973701, 43.796961, 20.120909, 8.725852, 39.676991, 20.747514, 28.193715, 4.258304, 29.467713, 27.387085, 6.46876, 31.965035, 28.268263, 29.143474, 20.117379, 22.396033, 23.240108, 32.864547, 12.973854, 48.83653, 49.242919, 44.122212, 20.49532, 29.733512, 12.260981, 42.996365, 12.64855, 0.0, 21.487103], [0.0, 12.490601, 22.157722, 17.454454, 27.690268, 14.048582, 14.263651, 11.846002, 20.596183, 15.990593, 19.973192, 10.663331, 30.904661, 22.02201, 25.569574, 15.532441, 25.694977, 20.185953, 13.24926, 19.201579, 22.29285, 11.290085, 12.801139, 15.020116, 12.782418, 18.236515, 8.78841, 3.989931, 3.0225, 12.215579, 31.672135, 31.278162, 28.88842, 28.056277, 22.815882, 15.009218, 10.556661, 16.345747, 21.570909, 28.022524, 21.487103, 0.0]], "end_depot": 41, "horizon": [0.0, 840.0], "instance_name": "CC20", "profits": [0, 40, 40, 40, 40, 40, 40, 40, 40, 40, 40, 40, 40, 40, 40, 40, 40, 40, 40, 40, 40, 0, 0, 0, 0, 0, 0, 0, 0, 0, 0, 0, 0, 0, 0, 0, 0, 0, 0, 0, 0, 0], "requests": [[1, 21], [2, 22], [3, 23], [4, 24], [5, 25], [6, 26], [7, 27], [8, 28], [9, 29], [10, 30], [11, 31], [12, 32], [13, 33], [14, 34], [15, 35], [16, 36], [17, 37], [18, 38], [19, 39], [20, 40]], "speed_zone_count": 4, "speed_zones": [[0.0, 120.0], [120.0, 600.0], [600.0, 720.0], [720.0, 840.0]], "start_depot": 0, "time_windows": [[0.0, 840.0], [527.0, 587.0], [143.0, 203.0], [144.0, 204.0], [154.0, 214.0], [203.0, 263.0], [22.0, 82.0], [137.0, 197.0], [411.0, 471.0], [510.0, 570.0], [193.0, 253.0], [325.0, 385.0], [80.0, 140.0], [149.0, 209.0], [272.0, 332.0], [115.0, 175.0], [374.0, 434.0], [89.0, 149.0], [535.0, 595.0], [151.0, 211.0], [560.0, 620.0], [549.0, 609.0], [158.0, 218.0], [176.0, 236.0], [180.0, 240.0], [228.0, 288.0], [27.0, 87.0], [152.0, 212.0], [433.0, 493.0], [524.0, 584.0], [244.0, 304.0], [366.0, 426.0], [120.0, 180.0], [167.0, 227.0], [285.0, 345.0], [115.0, 175.0], [409.0, 469.0], [118.0, 178.0], [565.0, 625.0], [190.0, 250.0], [564.0, 624.0], [0.0, 840.0]], "vehicle_count": 40}