{"capacity": 20, "cluster_count": 5, "cluster_speeds": [[0.5, 0.81, 0.5, 0.81], [0.67, 1.33, 0.88, 1.33], [0.88, 1.33, 0.67, 1.33], [0.85, 1.5, 0.85, 1.5], [1.0, 2.0, 1.0, 2.0]], "clusters": [[4, 4, 4, 4, 4, 4, 4, 4, 4, 4, 4, 4, 4, 4, 4, 4, 4, 4, 4, 4, 4, 4], [4, 4, 3, 2, 0, 1, 2, 4, 3, 2, 1, 4, 2, 3, 3, 1, 3, 1, 2, 3, 2, 4], [4, 3, 4, 3, 2, 4, 1, 0, 2, 3, 4, 2, 3, 2, 1, 3, 4, 3, 3, 2, 2, 4], [4, 1, 3, 4, 3, 2, 4, 3, 0, 1, 2, 1, 2, 4, 2, 0, 1, 2, 3, 1, 3, 4], [4, 0, 1, 3, 4, 3, 1, 4, 2, 4, 0, 1, 3, 2, 0, 4, 3, 3, 2, 1, 1, 4], [4, 2, 4, 1, 3, 4, 3, 2, 1, 1, 2, 3, 4, 0, 3, 2, 1, 2, 3, 1, 2, 4], [4, 1, 2, 4, 2, 3, 4, 3, 2, 2, 1, 3, 1, 4, 2, 3, 1, 1, 1, 2, 3, 4], [4, 4, 0, 3, 4, 1, 3, 4, 3, 2, 4, 2, 3, 1, 3, 0, 4, 3, 2, 2, 1, 4], [4, 3, 1, 0, 1, 2, 1, 3, 4, 1, 1, 3, 3, 2, 2, 4, 0, 2, 3, 3, 2, 4], [4, 1, 3, 2, 4, 2, 1, 1, 2, 4, 2, 2, 1, 1, 3, 3, 1, 1, 3, 3, 1, 4], [4, 2, 4, 1, 0, 1, 2, 4, 2, 1, 4, 3, 3, 2, 2, 1, 3, 3, 3, 2, 1, 4], [4, 4, 1, 2, 2, 3, 3, 1, 3, 1, 3, 4, 2, 1, 1, 3, 2, 1, 3, 2, 1, 4], [4, 1, 3, 1, 3, 4, 2, 3, 3, 2, 3, 1, 4, 2, 3, 4, 1, 3, 3, 3, 2, 4], [4, 3, 1, 4, 1, 0, 4, 2, 1, 2, 1, 2, 1, 4, 2, 3, 1, 4, 2, 3, 2, 4], [4, 3, 2, 1, 0, 3, 1, 3, 1, 3, 1, 2, 3, 1, 4, 0, 2, 3, 2, 4, 1, 4], [4, 2, 3, 0, 4, 1, 3, 0, 4, 3, 2, 3, 4, 3, 0, 4, 2, 4, 2, 3, 4, 4], [4, 3, 4, 2, 3, 2, 2, 4, 0, 2, 3, 1, 2, 2, 1, 1, 4, 1, 2, 1, 3, 4], [4, 2, 3, 1, 3, 1, 2, 3, 1, 2, 3, 2, 3, 4, 3, 4, 2, 4, 2, 1, 1, 4], [4, 1, 3, 3, 1, 3, 2, 1, 3, 3, 3, 3, 3, 1, 1, 1, 1, 1, 4, 3, 2, 4], [4, 3, 1, 2, 2, 2, 1, 1, 3, 3, 1, 1, 3, 3, 4, 3, 2, 2, 3, 4, 3, 4], [4, 1, 1, 3, 2, 1, 3, 2, 1, 2, 2, 2, 1, 1, 2, 4, 3, 2, 1, 3, 4, 4], [4, 4, 4, 4, 4, 4, 4, 4, 4, 4, 4, 4, 4, 4, 4, 4, 4, 4, 4, 4, 4, 4]], "dataset_name": "sun_et_al_2018", "demands": [0, 17, 19, 15, 15, 12, 15, 10, 18, 11, 12, -17, -19, -15, -15, -12, -15, -10, -18, -11, -12, 0], "digraph": {"arc_count": 420, "arcs": [[0, 1, 1, 1, 1, 1, 1, 1, 1, 1, 1, 1, 1, 1, 1, 1, 1, 1, 1, 1, 1, 0], [0, 0, 1, 1, 1, 1, 1, 1, 1, 1, 1, 1, 1, 1, 1, 1, 1, 1, 1, 1, 1, 1], [0, 1, 0, 1, 1, 1, 1, 1, 1, 1, 1, 1, 1, 1, 1, 1, 1, 1, 1, 1, 1, 1], [0, 1, 1, 0, 1, 1, 1, 1, 1, 1, 1, 1, 1, 1, 1, 1, 1, 1, 1, 1, 1, 1], [0, 1, 1, 1, 0, 1, 1, 1, 1, 1, 1, 1, 1, 1, 1, 1, 1, 1, 1, 1, 1, 1], [0, 1, 1, 1, 1, 0, 1, 1, 1, 1, 1, 1, 1, 1, 1, 1, 1, 1, 1, 1, 1, 1], [0, 1, 1, 1, 1, 1, 0, 1, 1, 1, 1, 1, 1, 1, 1, 1, 1, 1, 1, 1, 1, 1], [0, 1, 1, 1, 1, 1, 1, 0, 1, 1, 1, 1, 1, 1, 1, 1, 1, 1, 1, 1, 1, 1], [0, 1, 1, 1, 1, 1, 1, 1, 0, 1, 1, 1, 1, 1, 1, 1, 1, 1, 1, 1, 1, 1], [0, 1, 1, 1, 1, 1, 1, 1, 1, 0, 1, 1, 1, 1, 1, 1, 1, 1, 1, 1, 1, 1], [0, 1, 1, 1, 1, 1, 1, 1, 1, 1, 0, 1, 1, 1, 1, 1, 1, 1, 1, 1, 1, 1], [0, 1, 1, 1, 1, 1, 1, 1, 1, 1, 1, 0, 1, 1, 1, 1, 1, 1, 1, 1, 1, 1], [0, 1, 1, 1, 1, 1, 1, 1, 1, 1, 1, 1, 0, 1, 1, 1, 1, 1, 1, 1, 1, 1], [0, 1, 1, 1, 1, 1, 1, 1, 1, 1, 1, 1, 1, 0, 1, 1, 1, 1, 1, 1, 1, 1], [0, 1, 1, 1, 1, 1, 1, 1, 1, 1, 1, 1, 1, 1, 0, 1, 1, 1, 1, 1, 1, 1], [0, 1, 1, 1, 1, 1, 1, 1, 1, 1, 1, 1, 1, 1, 1, 0, 1, 1, 1, 1, 1, 1], [0, 1, 1, 1, 1, 1, 1, 1, 1, 1, 1, 1, 1, 1, 1, 1, 0, 1, 1, 1, 1, 1], [0, 1, 1, 1, 1, 1, 1, 1, 1, 1, 1, 1, 1, 1, 1, 1, 1, 0, 1, 1, 1, 1], [0, 1, 1, 1, 1, 1, 1, 1, 1, 1, 1, 1, 1, 1, 1, 1, 1, 1, 0, 1, 1, 1], [0, 1, 1, 1, 1, 1, 1, 1, 1, 1, 1, 1, 1, 1, 1, 1, 1, 1, 1, 0, 1, 1], [0, 1, 1, 1, 1, 1, 1, 1, 1, 1, 1, 1, 1, 1, 1, 1, 1, 1, 1, 1, 0, 1], [0, 0, 0, 0, 0, 0, 0, 0, 0, 0, 0, 0, 0, 0, 0, 0, 0, 0, 0, 0, 0, 0]], "coordinates": [[25.0, 25.0], [0.401, 2.882], [0.992, 42.377], [8.671, 23.026], [32.845, 31.582], [1.221, 19.986], [30.561, 28.302], [36.089, 46.41], [38.427, 21.803], [31.439, 5.571], [47.912, 10.565], [15.455, 49.859], [9.693, 8.836], [12.492, 13.799], [24.334, 41.503], [13.111, 48.089], [24.422, 33.443], [25.272, 28.466], [42.778, 11.453], [39.423, 13.02], [32.147, 17.898], [25.0, 25.0]], "vertex_count": 22}, "distances": [[0.0, 33.080458, 29.636872, 16.447885, 10.240447, 24.301873, 6.467451, 24.111284, 13.80236, 20.468189, 27.080047, 26.628498, 22.261607, 16.790249, 16.516433, 25.97018, 8.462762, 3.476656, 22.351253, 18.749489, 10.075615, 0.0], [33.080458, 0.0, 39.499422, 21.775528, 43.316315, 17.123645, 39.443656, 56.287833, 42.473297, 31.154264, 48.1282, 49.330127, 11.035913, 16.290278, 45.43534, 46.959738, 38.871367, 35.680635, 43.23508, 40.317435, 35.118211, 33.080458], [29.636872, 39.499422, 0.0, 20.81894, 33.632509, 22.392171, 32.747998, 35.327956, 42.716141, 47.767159, 56.687651, 16.283694, 34.651206, 30.805066, 23.358357, 13.397653, 25.075511, 27.98275, 51.984263, 48.360885, 39.621402, 29.636872], [16.447885, 21.775528, 20.81894, 0.0, 25.643467, 8.046372, 22.516844, 36.035513, 29.781123, 28.689002, 41.171988, 27.677293, 14.226756, 9.98687, 24.222492, 25.453243, 18.884064, 17.469596, 36.016965, 32.338917, 24.029543, 16.447885], [10.240447, 43.316315, 33.632509, 25.643467, 0.0, 33.683002, 3.996881, 15.178706, 11.259998, 26.048972, 25.859791, 25.228175, 32.456057, 27.027388, 13.071471, 25.727647, 8.626138, 8.189004, 22.446406, 19.693093, 13.70179, 10.240447], [24.301873, 17.123645, 22.392171, 8.046372, 33.683002, 0.0, 30.495761, 43.749345, 37.250341, 33.48014, 47.631972, 33.090828, 14.003474, 12.857465, 31.578348, 30.514762, 26.821209, 25.502176, 42.424007, 38.831919, 30.996407, 24.301873], [6.467451, 39.443656, 32.747998, 22.516844, 3.996881, 30.495761, 0.0, 18.932999, 10.203478, 22.74795, 24.812464, 26.322908, 28.537669, 23.169501, 14.595956, 26.38234, 8.007322, 5.291542, 20.812109, 17.665632, 10.524192, 6.467451], [24.111284, 56.287833, 35.327956, 36.035513, 15.178706, 43.749345, 18.932999, 0.0, 24.717821, 41.102876, 37.744501, 20.920267, 45.918997, 40.252897, 12.73808, 23.039261, 17.443107, 20.952199, 35.591215, 33.556038, 28.783216, 24.111284], [13.80236, 42.473297, 42.716141, 29.781123, 11.259998, 37.250341, 10.203478, 24.717821, 0.0, 17.672294, 14.705709, 36.260887, 31.524369, 27.142001, 24.221946, 36.49457, 18.210701, 14.746172, 11.227364, 8.839293, 7.395095, 13.80236], [20.468189, 31.154264, 47.767159, 28.689002, 26.048972, 33.48014, 22.74795, 41.102876, 17.672294, 0.0, 17.21336, 47.084129, 21.989742, 20.656447, 36.627717, 46.300064, 28.741724, 23.711029, 12.773834, 10.919334, 12.347315, 20.468189], [27.080047, 48.1282, 56.687651, 41.171988, 25.859791, 47.631972, 24.812464, 37.744501, 14.705709, 17.21336, 0.0, 50.965432, 38.258089, 35.567333, 38.898354, 51.177731, 32.789983, 28.862006, 5.21023, 8.836863, 17.38701, 27.080047], [26.628498, 49.330127, 16.283694, 27.677293, 25.228175, 33.090828, 26.322908, 20.920267, 36.260887, 47.084129, 50.965432, 0.0, 41.425683, 36.181528, 12.192595, 2.937216, 18.705404, 23.537926, 47.133504, 43.949709, 36.057293, 26.628498], [22.261607, 11.035913, 34.651206, 14.226756, 32.456057, 14.003474, 28.537669, 45.918997, 31.524369, 21.989742, 38.258089, 41.425683, 0.0, 5.697874, 35.79793, 39.401532, 28.678352, 25.060769, 33.18834, 30.02297, 24.213673, 22.261607], [16.790249, 16.290278, 30.805066, 9.98687, 27.027388, 12.857465, 23.169501, 40.252897, 27.142001, 20.656447, 35.567333, 36.181528, 5.697874, 0.0, 30.1288, 34.295587, 22.982855, 19.453773, 30.376726, 26.942264, 20.077869, 16.790249], [16.516433, 45.43534, 23.358357, 24.222492, 13.071471, 31.578348, 14.595956, 12.73808, 24.221946, 36.627717, 38.898354, 12.192595, 35.79793, 30.1288, 0.0, 13.012729, 8.06048, 13.070701, 35.258809, 32.23289, 24.864412, 16.516433], [25.97018, 46.959738, 13.397653, 25.453243, 25.727647, 30.514762, 26.38234, 23.039261, 36.49457, 46.300064, 51.177731, 2.937216, 39.401532, 34.295587, 13.012729, 0.0, 18.505244, 23.085754, 47.141567, 43.842401, 35.691256, 25.97018], [8.462762, 38.871367, 25.075511, 18.884064, 8.626138, 26.821209, 8.007322, 17.443107, 18.210701, 28.741724, 32.789983, 18.705404, 28.678352, 22.982855, 8.06048, 18.505244, 0.0, 5.049062, 28.644421, 25.340263, 17.358648, 8.462762], [3.476656, 35.680635, 27.98275, 17.469596, 8.189004, 25.502176, 5.291542, 20.952199, 14.746172, 23.711029, 28.862006, 23.537926, 25.060769, 19.453773, 13.070701, 23.085754, 5.049062, 0.0, 24.411108, 20.948263, 12.607468, 3.476656], [22.351253, 43.23508, 51.984263, 36.016965, 22.446406, 42.424007, 20.812109, 35.591215, 11.227364, 12.773834, 5.21023, 47.133504, 33.18834, 30.376726, 35.258809, 47.141567, 28.644421, 24.411108, 0.0, 3.702906, 12.432063, 22.351253], [18.749489, 40.317435, 48.360885, 32.338917, 19.693093, 38.831919, 17.665632, 33.556038, 8.839293, 10.919334, 8.836863, 43.949709, 30.02297, 26.942264, 32.23289, 43.842401, 25.340263, 20.948263, 3.702906, 0.0, 8.759855, 18.749489], [10.075615, 35.118211, 39.621402, 24.029543, 13.70179, 30.996407, 10.524192, 28.783216, 7.395095, 12.347315, 17.38701, 36.057293, 24.213673, 20.077869, 24.864412, 35.691256, 17.358648, 12.607468, 12.432063, 8.759855, 0.0, 10.075615], [0.0, 33.080458, 29.636872, 16.447885, 10.240447, 24.301873, 6.467451, 24.111284, 13.80236, 20.468189, 27.080047, 26.628498, 22.261607, 16.790249, 16.516433, 25.97018, 8.462762, 3.476656, 22.351253, 18.749489, 10.075615, 0.0]], "end_depot": 21, "horizon": [0.0, 840.0], "instance_name": "DD10", "profits": [0, 40, 40, 40, 40, 40, 40, 40, 40, 40, 40, 0, 0, 0, 0, 0, 0, 0, 0, 0, 0, 0], "requests": [[1, 11], [2, 12], [3, 13], [4, 14], [5, 15], [6, 16], [7, 17], [8, 18], [9, 19], [10, 20]], "speed_zone_count": 4, "speed_zones": [[0.0, 120.0], [120.0, 600.0], [600.0, 720.0], [720.0, 840.0]], "start_depot": 0, "time_windows": [[0.0, 840.0], [29.0, 89.0], [112.0, 172.0], [235.0, 295.0], [409.0, 469.0], [146.0, 206.0], [434.0, 494.0], [107.0, 167.0], [367.0, 427.0], [559.0, 619.0], [402.0, 462.0], [78.0, 138.0], [146.0, 206.0], [244.0, 304.0], [422.0, 482.0], [176.0, 236.0], [442.0, 502.0], [127.0, 187.0], [378.0, 438.0], [569.0, 629.0], [419.0, 479.0], [0.0, 840.0]], "vehicle_count": 20}