{"capacity": 20, "cluster_count": 5, "cluster_speeds": [[0.5, 0.81, 0.5, 0.81], [0.67, 1.33, 0.88, 1.33], [0.88, 1.33, 0.67, 1.33], [0.85, 1.5, 0.85, 1.5], [1.0, 2.0, 1.0, 2.0]], "clusters": [[3, 3, 3, 4, 3, 4, 2, 3, 3, 4, 0, 3, 3, 2, 2, 0, 4, 0, 1, 2, 1, 3, 2, 2, 3, 0, 0, 2, 3, 4, 0, 4, 4, 3, 0, 3, 1, 2, 3, 3, 3, 4, 4, 3, 4, 2, 4, 3, 4, 1, 0, 4], [4, 2, 1, 3, 3, 4, 0, 1, 0, 4, 2, 3, 2, 4, 4, 0, 0, 3, 2, 3, 1, 3, 0, 1, 4, 3, 0, 2, 2, 0, 1, 4, 0, 3, 1, 0, 3, 0, 2, 4, 3, 3, 1, 2, 3, 2, 1, 2, 4, 4, 3, 1], [0, 1, 2, 3, 0, 3, 1, 4, 4, 2, 3, 3, 2, 4, 0, 4, 0, 1, 1, 2, 2, 0, 4, 3, 4, 2, 2, 2, 2, 4, 3, 4, 1, 3, 2, 4, 4, 0, 4, 2, 3, 0, 0, 0, 3, 0, 2, 4, 3, 1, 2, 1], [2, 0, 1, 2, 2, 4, 4, 4, 0, 4, 2, 0, 1, 4, 4, 2, 3, 3, 0, 3, 4, 4, 4, 2, 1, 4, 2, 2, 3, 0, 3, 2, 1, 4, 2, 0, 0, 4, 2, 1, 3, 3, 3, 0, 3, 3, 1, 4, 3, 1, 4, 3], [3, 0, 3, 2, 3, 1, 4, 2, 0, 1, 3, 3, 2, 3, 2, 1, 0, 0, 0, 2, 2, 2, 3, 2, 3, 1, 2, 2, 2, 0, 0, 4, 1, 2, 0, 4, 0, 1, 1, 0, 4, 4, 2, 1, 3, 4, 0, 1, 4, 0, 4, 0], [2, 2, 0, 0, 1, 4, 3, 3, 3, 0, 3, 2, 0, 3, 0, 2, 0, 3, 3, 0, 2, 0, 2, 4, 0, 0, 3, 4, 3, 3, 0, 0, 4, 3, 2, 4, 3, 1, 4, 4, 0, 1, 1, 2, 0, 4, 3, 1, 4, 2, 3, 3], [0, 0, 4, 4, 1, 2, 0, 1, 1, 4, 4, 1, 1, 1, 2, 3, 1, 0, 1, 0, 2, 2, 2, 4, 1, 3, 2, 2, 0, 0, 1, 2, 4, 3, 3, 1, 2, 3, 4, 4, 2, 2, 4, 2, 1, 0, 3, 3, 3, 3, 3, 1], [1, 0, 3, 0, 1, 1, 4, 2, 1, 2, 3, 0, 1, 0, 3, 2, 0, 2, 4, 0, 1, 1, 1, 2, 0, 0, 4, 3, 3, 4, 0, 4, 2, 3, 1, 2, 1, 0, 4, 3, 2, 1, 4, 2, 0, 2, 2, 0, 2, 3, 0, 3], [0, 0, 1, 2, 2, 3, 4, 1, 3, 0, 0, 2, 1, 1, 3, 3, 4, 1, 1, 3, 4, 2, 1, 1, 2, 1, 4, 1, 0, 1, 0, 0, 1, 0, 1, 2, 2, 3, 1, 3, 2, 0, 0, 0, 1, 2, 4, 1, 0, 1, 4, 0], [2, 0, 3, 2, 0, 3, 4, 0, 1, 4, 1, 2, 3, 4, 2, 1, 3, 0, 1, 0, 4, 1, 1, 0, 0, 0, 2, 2, 1, 0, 4, 0, 3, 3, 2, 1, 2, 1, 0, 1, 0, 1, 4, 4, 2, 3, 4, 4, 2, 3, 4, 2], [2, 0, 1, 1, 4, 2, 1, 4, 2, 0, 4, 3, 1, 2, 4, 2, 4, 3, 0, 3, 4, 4, 2, 0, 4, 3, 0, 2, 3, 4, 4, 1, 3, 3, 2, 2, 1, 3, 1, 0, 2, 1, 0, 3, 0, 4, 4, 2, 1, 1, 4, 3], [0, 0, 1, 2, 4, 0, 3, 0, 1, 1, 2, 4, 3, 0, 4, 2, 0, 3, 2, 2, 1, 1, 2, 1, 4, 3, 4, 1, 2, 3, 0, 4, 2, 3, 1, 1, 0, 3, 1, 1, 0, 1, 4, 4, 0, 0, 4, 3, 4, 3, 3, 4], [2, 3, 4, 0, 4, 3, 0, 0, 0, 2, 0, 2, 4, 4, 1, 1, 2, 2, 4, 2, 2, 4, 2, 4, 0, 2, 2, 1, 1, 3, 0, 3, 0, 0, 0, 2, 4, 2, 3, 0, 2, 3, 2, 4, 2, 0, 4, 3, 0, 2, 0, 2], [2, 0, 2, 2, 3, 3, 4, 1, 4, 0, 2, 3, 3, 0, 2, 2, 0, 3, 3, 0, 0, 0, 0, 0, 0, 0, 4, 3, 3, 0, 4, 1, 0, 1, 1, 2, 2, 3, 3, 3, 2, 3, 1, 2, 4, 4, 4, 4, 4, 3, 0, 2], [2, 3, 0, 2, 3, 0, 3, 2, 3, 2, 3, 2, 3, 4, 1, 2, 2, 2, 2, 3, 1, 1, 0, 2, 2, 2, 1, 4, 0, 0, 3, 4, 3, 2, 0, 0, 2, 4, 4, 1, 0, 0, 4, 3, 2, 3, 2, 4, 3, 4, 2, 0], [2, 3, 3, 4, 3, 1, 4, 3, 4, 0, 0, 3, 1, 3, 3, 1, 0, 3, 2, 3, 0, 2, 2, 3, 0, 4, 1, 2, 1, 0, 1, 2, 3, 2, 0, 2, 2, 1, 0, 4, 3, 0, 2, 4, 4, 2, 4, 4, 0, 1, 2, 2], [1, 4, 4, 0, 2, 4, 0, 0, 0, 1, 1, 3, 1, 1, 4, 3, 4, 0, 0, 1, 3, 1, 3, 1, 2, 4, 1, 3, 1, 3, 3, 3, 4, 4, 0, 4, 3, 1, 0, 0, 4, 1, 2, 1, 3, 0, 3, 2, 2, 2, 1, 2], [2, 4, 2, 4, 2, 1, 1, 1, 0, 2, 0, 4, 1, 3, 1, 2, 4, 2, 3, 2, 3, 1, 2, 2, 4, 3, 3, 2, 4, 2, 1, 3, 1, 2, 2, 2, 1, 1, 3, 3, 4, 3, 1, 1, 2, 3, 1, 1, 3, 1, 0, 4], [1, 4, 1, 0, 1, 2, 1, 1, 2, 4, 3, 4, 1, 3, 0, 0, 2, 4, 3, 1, 4, 1, 0, 0, 3, 2, 0, 0, 4, 2, 4, 2, 0, 1, 2, 2, 4, 1, 4, 2, 3, 2, 3, 2, 0, 3, 4, 4, 4, 2, 3, 3], [4, 4, 3, 2, 0, 3, 1, 2, 1, 2, 0, 2, 4, 4, 3, 4, 1, 1, 4, 0, 4, 2, 3, 1, 2, 2, 4, 0, 0, 2, 4, 1, 1, 3, 1, 4, 1, 0, 0, 2, 2, 3, 1, 1, 0, 0, 3, 0, 1, 2, 1, 0], [4, 3, 2, 0, 3, 1, 2, 2, 4, 0, 2, 3, 0, 0, 1, 4, 1, 3, 1, 4, 2, 2, 3, 3, 0, 1, 3, 1, 2, 1, 1, 3, 2, 2, 4, 0, 0, 0, 1, 0, 0, 0, 4, 3, 1, 0, 1, 4, 0, 0, 0, 2], [3, 0, 0, 0, 2, 0, 3, 2, 1, 3, 2, 0, 2, 4, 4, 2, 0, 3, 3, 3, 1, 2, 0, 3, 4, 3, 0, 2, 4, 3, 4, 3, 3, 0, 3, 1, 0, 4, 3, 4, 3, 4, 2, 3, 1, 0, 2, 0, 4, 4, 1, 3], [4, 2, 3, 1, 0, 0, 4, 0, 3, 4, 1, 4, 0, 2, 4, 1, 1, 3, 0, 0, 0, 3, 0, 1, 4, 2, 3, 0, 3, 3, 3, 2, 2, 3, 0, 2, 2, 2, 0, 4, 1, 2, 0, 1, 1, 0, 1, 4, 0, 0, 1, 3], [3, 2, 1, 3, 2, 1, 3, 2, 0, 1, 2, 3, 4, 1, 0, 0, 2, 4, 0, 4, 1, 2, 1, 1, 3, 0, 2, 2, 2, 1, 1, 0, 1, 2, 3, 0, 3, 2, 0, 1, 3, 1, 2, 0, 2, 4, 3, 0, 3, 1, 0, 2], [1, 2, 3, 3, 4, 3, 0, 1, 0, 1, 0, 2, 0, 1, 3, 4, 0, 0, 0, 0, 0, 0, 2, 3, 0, 4, 0, 2, 4, 0, 2, 0, 2, 0, 1, 1, 0, 0, 1, 4, 1, 1, 2, 1, 0, 0, 2, 3, 3, 1, 0, 2], [1, 1, 2, 0, 4, 3, 1, 4, 4, 1, 4, 2, 0, 2, 2, 3, 2, 4, 1, 0, 2, 0, 2, 0, 4, 2, 1, 0, 0, 1, 1, 4, 0, 1, 4, 2, 3, 4, 4, 3, 3, 0, 1, 2, 3, 3, 4, 3, 1, 0, 2, 4], [2, 1, 2, 4, 3, 2, 1, 3, 4, 2, 0, 1, 2, 2, 3, 4, 4, 4, 1, 2, 3, 0, 1, 4, 0, 2, 0, 1, 4, 3, 2, 0, 4, 0, 1, 1, 1, 4, 4, 0, 2, 2, 2, 2, 0, 3, 0, 4, 2, 4, 1, 2], [3, 2, 0, 4, 2, 0, 2, 1, 1, 1, 2, 3, 2, 1, 3, 2, 4, 4, 3, 1, 4, 0, 4, 2, 4, 0, 4, 0, 3, 2, 4, 1, 3, 4, 3, 4, 4, 3, 4, 1, 4, 3, 4, 0, 3, 1, 0, 2, 0, 2, 3, 0], [4, 2, 0, 2, 2, 1, 3, 4, 2, 3, 3, 1, 4, 0, 1, 2, 1, 4, 1, 3, 4, 4, 4, 2, 3, 2, 4, 3, 4, 3, 1, 2, 3, 0, 4, 1, 3, 1, 3, 4, 0, 4, 4, 4, 3, 4, 0, 3, 3, 4, 4, 0], [3, 0, 1, 2, 0, 3, 2, 0, 0, 4, 0, 1, 2, 2, 4, 3, 2, 0, 1, 1, 0, 3, 3, 2, 3, 4, 1, 1, 2, 0, 0, 1, 3, 3, 4, 3, 3, 4, 2, 4, 1, 1, 0, 1, 4, 1, 0, 4, 2, 1, 1, 1], [1, 2, 1, 1, 2, 4, 1, 1, 1, 1, 1, 2, 0, 0, 4, 4, 2, 0, 2, 1, 2, 2, 2, 2, 1, 0, 4, 0, 1, 4, 4, 0, 2, 3, 2, 0, 2, 0, 0, 3, 4, 0, 1, 3, 3, 4, 3, 2, 3, 2, 4, 3], [1, 0, 1, 3, 2, 4, 1, 3, 1, 2, 4, 2, 2, 1, 3, 2, 2, 2, 1, 1, 4, 3, 3, 3, 2, 2, 0, 4, 1, 1, 1, 1, 0, 4, 0, 0, 4, 4, 3, 2, 0, 0, 1, 1, 1, 1, 2, 1, 2, 1, 2, 0], [0, 2, 0, 3, 4, 1, 1, 3, 3, 2, 4, 3, 4, 2, 3, 4, 3, 1, 4, 3, 2, 2, 4, 1, 4, 2, 4, 2, 1, 3, 1, 0, 3, 0, 3, 3, 2, 2, 3, 4, 2, 1, 0, 0, 3, 4, 0, 0, 4, 1, 3, 2], [4, 0, 1, 4, 2, 0, 0, 2, 1, 2, 1, 4, 3, 2, 4, 4, 1, 4, 3, 2, 4, 1, 2, 0, 1, 1, 3, 0, 4, 4, 0, 2, 4, 4, 1, 1, 2, 4, 1, 0, 4, 1, 0, 0, 0, 0, 3, 1, 4, 3, 3, 0], [4, 2, 0, 2, 1, 1, 4, 2, 3, 0, 3, 0, 4, 2, 1, 4, 3, 2, 1, 2, 4, 1, 3, 2, 3, 1, 2, 4, 2, 0, 1, 0, 3, 2, 2, 2, 2, 0, 3, 4, 2, 1, 3, 1, 0, 3, 1, 0, 2, 1, 3, 1], [0, 0, 3, 0, 3, 4, 0, 3, 0, 2, 4, 4, 4, 1, 2, 1, 4, 0, 3, 3, 0, 2, 1, 2, 2, 3, 1, 0, 3, 1, 1, 2, 0, 2, 2, 0, 2, 4, 4, 2, 4, 1, 1, 3, 0, 3, 3, 1, 0, 0, 2, 4], [4, 4, 0, 1, 2, 2, 0, 0, 0, 1, 3, 2, 0, 0, 3, 4, 1, 4, 2, 4, 0, 3, 1, 2, 0, 2, 4, 2, 0, 3, 4, 2, 4, 4, 4, 3, 0, 4, 3, 2, 2, 2, 2, 3, 3, 3, 1, 3, 0, 0, 1, 4], [1, 3, 1, 2, 0, 4, 3, 3, 3, 3, 0, 4, 3, 2, 2, 2, 1, 0, 4, 0, 2, 2, 4, 0, 2, 0, 1, 4, 4, 4, 0, 1, 4, 2, 3, 3, 4, 3, 4, 1, 2, 1, 2, 0, 3, 4, 4, 2, 3, 4, 2, 1], [4, 4, 4, 3, 1, 0, 2, 1, 4, 4, 4, 0, 4, 1, 2, 3, 0, 0, 3, 4, 1, 0, 0, 3, 4, 3, 4, 2, 2, 3, 0, 1, 3, 1, 4, 0, 2, 2, 1, 1, 4, 2, 3, 2, 3, 3, 3, 2, 0, 2, 4, 2], [3, 4, 3, 1, 2, 3, 2, 0, 2, 1, 2, 4, 0, 2, 4, 2, 1, 1, 3, 3, 2, 1, 4, 4, 0, 0, 0, 0, 2, 1, 4, 2, 2, 4, 4, 3, 1, 0, 3, 0, 2, 4, 1, 3, 2, 3, 4, 3, 3, 2, 0, 2], [0, 3, 2, 1, 2, 3, 1, 3, 0, 1, 1, 1, 2, 0, 2, 2, 3, 3, 3, 1, 4, 4, 0, 0, 4, 2, 0, 1, 0, 0, 3, 2, 2, 4, 2, 0, 4, 3, 3, 3, 0, 4, 4, 0, 0, 0, 4, 1, 4, 1, 3, 4], [0, 2, 3, 4, 0, 3, 2, 3, 0, 2, 0, 2, 0, 1, 1, 4, 2, 3, 4, 3, 4, 1, 1, 0, 1, 3, 2, 0, 2, 4, 0, 4, 2, 3, 0, 0, 3, 0, 4, 1, 1, 4, 4, 2, 3, 4, 2, 3, 3, 1, 0, 0], [2, 4, 2, 3, 1, 0, 3, 1, 1, 1, 2, 3, 0, 0, 1, 3, 2, 1, 2, 0, 2, 0, 1, 4, 3, 0, 1, 3, 1, 1, 4, 0, 3, 0, 2, 3, 2, 1, 3, 0, 0, 3, 0, 2, 0, 3, 1, 4, 0, 1, 4, 0], [0, 3, 3, 3, 2, 4, 1, 4, 3, 0, 3, 4, 3, 1, 0, 2, 0, 2, 2, 4, 0, 1, 0, 2, 3, 3, 0, 1, 2, 4, 3, 3, 3, 4, 4, 0, 1, 1, 0, 0, 2, 0, 4, 1, 1, 1, 0, 3, 4, 2, 2, 1], [4, 3, 1, 2, 2, 3, 2, 2, 4, 4, 2, 1, 0, 2, 1, 4, 4, 3, 0, 4, 3, 3, 2, 4, 0, 0, 1, 4, 2, 0, 4, 2, 0, 0, 4, 0, 3, 3, 2, 3, 1, 1, 0, 0, 2, 3, 3, 2, 3, 3, 3, 3], [3, 4, 2, 1, 0, 3, 0, 3, 4, 2, 3, 0, 2, 0, 4, 2, 2, 4, 4, 1, 4, 3, 1, 1, 0, 3, 0, 2, 4, 3, 1, 0, 2, 2, 3, 4, 1, 4, 3, 3, 2, 1, 0, 0, 2, 2, 0, 3, 1, 4, 2, 0], [1, 0, 0, 4, 4, 0, 1, 4, 4, 1, 1, 1, 0, 0, 4, 4, 0, 0, 2, 3, 3, 2, 4, 0, 4, 3, 0, 4, 3, 3, 0, 3, 3, 4, 1, 0, 3, 0, 3, 2, 3, 4, 1, 3, 1, 3, 2, 1, 2, 4, 2, 1], [2, 1, 4, 0, 1, 3, 0, 1, 1, 4, 3, 1, 3, 2, 4, 1, 2, 4, 2, 0, 4, 1, 4, 4, 4, 4, 2, 4, 4, 0, 3, 3, 3, 3, 0, 0, 0, 3, 4, 2, 1, 3, 3, 2, 3, 2, 3, 4, 2, 0, 2, 4], [3, 1, 0, 1, 0, 3, 2, 0, 1, 0, 1, 0, 4, 3, 3, 4, 0, 1, 2, 1, 1, 2, 1, 4, 3, 1, 4, 2, 2, 0, 1, 4, 2, 0, 4, 3, 0, 0, 0, 4, 3, 2, 0, 0, 2, 4, 1, 2, 0, 0, 3, 0], [3, 2, 4, 2, 2, 2, 0, 2, 1, 1, 2, 2, 1, 3, 1, 0, 3, 4, 1, 4, 1, 3, 3, 4, 0, 4, 1, 0, 3, 1, 3, 3, 2, 2, 4, 4, 3, 4, 3, 3, 2, 2, 0, 4, 0, 0, 2, 1, 2, 3, 0, 4], [2, 4, 4, 2, 4, 4, 1, 1, 4, 0, 3, 1, 4, 1, 1, 0, 0, 4, 0, 2, 0, 0, 0, 4, 1, 0, 1, 4, 1, 3, 4, 3, 4, 2, 2, 0, 4, 4, 0, 3, 2, 1, 0, 0, 0, 1, 2, 3, 0, 1, 1, 3], [2, 0, 2, 4, 2, 4, 2, 2, 0, 3, 1, 0, 3, 3, 1, 2, 0, 0, 2, 4, 0, 2, 4, 3, 4, 4, 2, 0, 2, 2, 4, 3, 0, 2, 3, 0, 1, 3, 1, 1, 0, 2, 1, 3, 0, 4, 3, 1, 2, 3, 3, 2]], "dataset_name": "sun_et_al_2018", "demands": [0, 9, 5, 16, 20, 10, 20, 6, 18, 7, 9, 8, 18, 12, 12, 15, 7, 14, 14, 19, 7, 7, 6, 11, 7, 19, -9, -5, -16, -20, -10, -20, -6, -18, -7, -9, -8, -18, -12, -12, -15, -7, -14, -14, -19, -7, -7, -6, -11, -7, -19, 0], "digraph": {"arc_count": 2550, "arcs": [[0, 1, 1, 1, 1, 1, 1, 1, 1, 1, 1, 1, 1, 1, 1, 1, 1, 1, 1, 1, 1, 1, 1, 1, 1, 1, 1, 1, 1, 1, 1, 1, 1, 1, 1, 1, 1, 1, 1, 1, 1, 1, 1, 1, 1, 1, 1, 1, 1, 1, 1, 0], [0, 0, 1, 1, 1, 1, 1, 1, 1, 1, 1, 1, 1, 1, 1, 1, 1, 1, 1, 1, 1, 1, 1, 1, 1, 1, 1, 1, 1, 1, 1, 1, 1, 1, 1, 1, 1, 1, 1, 1, 1, 1, 1, 1, 1, 1, 1, 1, 1, 1, 1, 1], [0, 1, 0, 1, 1, 1, 1, 1, 1, 1, 1, 1, 1, 1, 1, 1, 1, 1, 1, 1, 1, 1, 1, 1, 1, 1, 1, 1, 1, 1, 1, 1, 1, 1, 1, 1, 1, 1, 1, 1, 1, 1, 1, 1, 1, 1, 1, 1, 1, 1, 1, 1], [0, 1, 1, 0, 1, 1, 1, 1, 1, 1, 1, 1, 1, 1, 1, 1, 1, 1, 1, 1, 1, 1, 1, 1, 1, 1, 1, 1, 1, 1, 1, 1, 1, 1, 1, 1, 1, 1, 1, 1, 1, 1, 1, 1, 1, 1, 1, 1, 1, 1, 1, 1], [0, 1, 1, 1, 0, 1, 1, 1, 1, 1, 1, 1, 1, 1, 1, 1, 1, 1, 1, 1, 1, 1, 1, 1, 1, 1, 1, 1, 1, 1, 1, 1, 1, 1, 1, 1, 1, 1, 1, 1, 1, 1, 1, 1, 1, 1, 1, 1, 1, 1, 1, 1], [0, 1, 1, 1, 1, 0, 1, 1, 1, 1, 1, 1, 1, 1, 1, 1, 1, 1, 1, 1, 1, 1, 1, 1, 1, 1, 1, 1, 1, 1, 1, 1, 1, 1, 1, 1, 1, 1, 1, 1, 1, 1, 1, 1, 1, 1, 1, 1, 1, 1, 1, 1], [0, 1, 1, 1, 1, 1, 0, 1, 1, 1, 1, 1, 1, 1, 1, 1, 1, 1, 1, 1, 1, 1, 1, 1, 1, 1, 1, 1, 1, 1, 1, 1, 1, 1, 1, 1, 1, 1, 1, 1, 1, 1, 1, 1, 1, 1, 1, 1, 1, 1, 1, 1], [0, 1, 1, 1, 1, 1, 1, 0, 1, 1, 1, 1, 1, 1, 1, 1, 1, 1, 1, 1, 1, 1, 1, 1, 1, 1, 1, 1, 1, 1, 1, 1, 1, 1, 1, 1, 1, 1, 1, 1, 1, 1, 1, 1, 1, 1, 1, 1, 1, 1, 1, 1], [0, 1, 1, 1, 1, 1, 1, 1, 0, 1, 1, 1, 1, 1, 1, 1, 1, 1, 1, 1, 1, 1, 1, 1, 1, 1, 1, 1, 1, 1, 1, 1, 1, 1, 1, 1, 1, 1, 1, 1, 1, 1, 1, 1, 1, 1, 1, 1, 1, 1, 1, 1], [0, 1, 1, 1, 1, 1, 1, 1, 1, 0, 1, 1, 1, 1, 1, 1, 1, 1, 1, 1, 1, 1, 1, 1, 1, 1, 1, 1, 1, 1, 1, 1, 1, 1, 1, 1, 1, 1, 1, 1, 1, 1, 1, 1, 1, 1, 1, 1, 1, 1, 1, 1], [0, 1, 1, 1, 1, 1, 1, 1, 1, 1, 0, 1, 1, 1, 1, 1, 1, 1, 1, 1, 1, 1, 1, 1, 1, 1, 1, 1, 1, 1, 1, 1, 1, 1, 1, 1, 1, 1, 1, 1, 1, 1, 1, 1, 1, 1, 1, 1, 1, 1, 1, 1], [0, 1, 1, 1, 1, 1, 1, 1, 1, 1, 1, 0, 1, 1, 1, 1, 1, 1, 1, 1, 1, 1, 1, 1, 1, 1, 1, 1, 1, 1, 1, 1, 1, 1, 1, 1, 1, 1, 1, 1, 1, 1, 1, 1, 1, 1, 1, 1, 1, 1, 1, 1], [0, 1, 1, 1, 1, 1, 1, 1, 1, 1, 1, 1, 0, 1, 1, 1, 1, 1, 1, 1, 1, 1, 1, 1, 1, 1, 1, 1, 1, 1, 1, 1, 1, 1, 1, 1, 1, 1, 1, 1, 1, 1, 1, 1, 1, 1, 1, 1, 1, 1, 1, 1], [0, 1, 1, 1, 1, 1, 1, 1, 1, 1, 1, 1, 1, 0, 1, 1, 1, 1, 1, 1, 1, 1, 1, 1, 1, 1, 1, 1, 1, 1, 1, 1, 1, 1, 1, 1, 1, 1, 1, 1, 1, 1, 1, 1, 1, 1, 1, 1, 1, 1, 1, 1], [0, 1, 1, 1, 1, 1, 1, 1, 1, 1, 1, 1, 1, 1, 0, 1, 1, 1, 1, 1, 1, 1, 1, 1, 1, 1, 1, 1, 1, 1, 1, 1, 1, 1, 1, 1, 1, 1, 1, 1, 1, 1, 1, 1, 1, 1, 1, 1, 1, 1, 1, 1], [0, 1, 1, 1, 1, 1, 1, 1, 1, 1, 1, 1, 1, 1, 1, 0, 1, 1, 1, 1, 1, 1, 1, 1, 1, 1, 1, 1, 1, 1, 1, 1, 1, 1, 1, 1, 1, 1, 1, 1, 1, 1, 1, 1, 1, 1, 1, 1, 1, 1, 1, 1], [0, 1, 1, 1, 1, 1, 1, 1, 1, 1, 1, 1, 1, 1, 1, 1, 0, 1, 1, 1, 1, 1, 1, 1, 1, 1, 1, 1, 1, 1, 1, 1, 1, 1, 1, 1, 1, 1, 1, 1, 1, 1, 1, 1, 1, 1, 1, 1, 1, 1, 1, 1], [0, 1, 1, 1, 1, 1, 1, 1, 1, 1, 1, 1, 1, 1, 1, 1, 1, 0, 1, 1, 1, 1, 1, 1, 1, 1, 1, 1, 1, 1, 1, 1, 1, 1, 1, 1, 1, 1, 1, 1, 1, 1, 1, 1, 1, 1, 1, 1, 1, 1, 1, 1], [0, 1, 1, 1, 1, 1, 1, 1, 1, 1, 1, 1, 1, 1, 1, 1, 1, 1, 0, 1, 1, 1, 1, 1, 1, 1, 1, 1, 1, 1, 1, 1, 1, 1, 1, 1, 1, 1, 1, 1, 1, 1, 1, 1, 1, 1, 1, 1, 1, 1, 1, 1], [0, 1, 1, 1, 1, 1, 1, 1, 1, 1, 1, 1, 1, 1, 1, 1, 1, 1, 1, 0, 1, 1, 1, 1, 1, 1, 1, 1, 1, 1, 1, 1, 1, 1, 1, 1, 1, 1, 1, 1, 1, 1, 1, 1, 1, 1, 1, 1, 1, 1, 1, 1], [0, 1, 1, 1, 1, 1, 1, 1, 1, 1, 1, 1, 1, 1, 1, 1, 1, 1, 1, 1, 0, 1, 1, 1, 1, 1, 1, 1, 1, 1, 1, 1, 1, 1, 1, 1, 1, 1, 1, 1, 1, 1, 1, 1, 1, 1, 1, 1, 1, 1, 1, 1], [0, 1, 1, 1, 1, 1, 1, 1, 1, 1, 1, 1, 1, 1, 1, 1, 1, 1, 1, 1, 1, 0, 1, 1, 1, 1, 1, 1, 1, 1, 1, 1, 1, 1, 1, 1, 1, 1, 1, 1, 1, 1, 1, 1, 1, 1, 1, 1, 1, 1, 1, 1], [0, 1, 1, 1, 1, 1, 1, 1, 1, 1, 1, 1, 1, 1, 1, 1, 1, 1, 1, 1, 1, 1, 0, 1, 1, 1, 1, 1, 1, 1, 1, 1, 1, 1, 1, 1, 1, 1, 1, 1, 1, 1, 1, 1, 1, 1, 1, 1, 1, 1, 1, 1], [0, 1, 1, 1, 1, 1, 1, 1, 1, 1, 1, 1, 1, 1, 1, 1, 1, 1, 1, 1, 1, 1, 1, 0, 1, 1, 1, 1, 1, 1, 1, 1, 1, 1, 1, 1, 1, 1, 1, 1, 1, 1, 1, 1, 1, 1, 1, 1, 1, 1, 1, 1], [0, 1, 1, 1, 1, 1, 1, 1, 1, 1, 1, 1, 1, 1, 1, 1, 1, 1, 1, 1, 1, 1, 1, 1, 0, 1, 1, 1, 1, 1, 1, 1, 1, 1, 1, 1, 1, 1, 1, 1, 1, 1, 1, 1, 1, 1, 1, 1, 1, 1, 1, 1], [0, 1, 1, 1, 1, 1, 1, 1, 1, 1, 1, 1, 1, 1, 1, 1, 1, 1, 1, 1, 1, 1, 1, 1, 1, 0, 1, 1, 1, 1, 1, 1, 1, 1, 1, 1, 1, 1, 1, 1, 1, 1, 1, 1, 1, 1, 1, 1, 1, 1, 1, 1], [0, 1, 1, 1, 1, 1, 1, 1, 1, 1, 1, 1, 1, 1, 1, 1, 1, 1, 1, 1, 1, 1, 1, 1, 1, 1, 0, 1, 1, 1, 1, 1, 1, 1, 1, 1, 1, 1, 1, 1, 1, 1, 1, 1, 1, 1, 1, 1, 1, 1, 1, 1], [0, 1, 1, 1, 1, 1, 1, 1, 1, 1, 1, 1, 1, 1, 1, 1, 1, 1, 1, 1, 1, 1, 1, 1, 1, 1, 1, 0, 1, 1, 1, 1, 1, 1, 1, 1, 1, 1, 1, 1, 1, 1, 1, 1, 1, 1, 1, 1, 1, 1, 1, 1], [0, 1, 1, 1, 1, 1, 1, 1, 1, 1, 1, 1, 1, 1, 1, 1, 1, 1, 1, 1, 1, 1, 1, 1, 1, 1, 1, 1, 0, 1, 1, 1, 1, 1, 1, 1, 1, 1, 1, 1, 1, 1, 1, 1, 1, 1, 1, 1, 1, 1, 1, 1], [0, 1, 1, 1, 1, 1, 1, 1, 1, 1, 1, 1, 1, 1, 1, 1, 1, 1, 1, 1, 1, 1, 1, 1, 1, 1, 1, 1, 1, 0, 1, 1, 1, 1, 1, 1, 1, 1, 1, 1, 1, 1, 1, 1, 1, 1, 1, 1, 1, 1, 1, 1], [0, 1, 1, 1, 1, 1, 1, 1, 1, 1, 1, 1, 1, 1, 1, 1, 1, 1, 1, 1, 1, 1, 1, 1, 1, 1, 1, 1, 1, 1, 0, 1, 1, 1, 1, 1, 1, 1, 1, 1, 1, 1, 1, 1, 1, 1, 1, 1, 1, 1, 1, 1], [0, 1, 1, 1, 1, 1, 1, 1, 1, 1, 1, 1, 1, 1, 1, 1, 1, 1, 1, 1, 1, 1, 1, 1, 1, 1, 1, 1, 1, 1, 1, 0, 1, 1, 1, 1, 1, 1, 1, 1, 1, 1, 1, 1, 1, 1, 1, 1, 1, 1, 1, 1], [0, 1, 1, 1, 1, 1, 1, 1, 1, 1, 1, 1, 1, 1, 1, 1, 1, 1, 1, 1, 1, 1, 1, 1, 1, 1, 1, 1, 1, 1, 1, 1, 0, 1, 1, 1, 1, 1, 1, 1, 1, 1, 1, 1, 1, 1, 1, 1, 1, 1, 1, 1], [0, 1, 1, 1, 1, 1, 1, 1, 1, 1, 1, 1, 1, 1, 1, 1, 1, 1, 1, 1, 1, 1, 1, 1, 1, 1, 1, 1, 1, 1, 1, 1, 1, 0, 1, 1, 1, 1, 1, 1, 1, 1, 1, 1, 1, 1, 1, 1, 1, 1, 1, 1], [0, 1, 1, 1, 1, 1, 1, 1, 1, 1, 1, 1, 1, 1, 1, 1, 1, 1, 1, 1, 1, 1, 1, 1, 1, 1, 1, 1, 1, 1, 1, 1, 1, 1, 0, 1, 1, 1, 1, 1, 1, 1, 1, 1, 1, 1, 1, 1, 1, 1, 1, 1], [0, 1, 1, 1, 1, 1, 1, 1, 1, 1, 1, 1, 1, 1, 1, 1, 1, 1, 1, 1, 1, 1, 1, 1, 1, 1, 1, 1, 1, 1, 1, 1, 1, 1, 1, 0, 1, 1, 1, 1, 1, 1, 1, 1, 1, 1, 1, 1, 1, 1, 1, 1], [0, 1, 1, 1, 1, 1, 1, 1, 1, 1, 1, 1, 1, 1, 1, 1, 1, 1, 1, 1, 1, 1, 1, 1, 1, 1, 1, 1, 1, 1, 1, 1, 1, 1, 1, 1, 0, 1, 1, 1, 1, 1, 1, 1, 1, 1, 1, 1, 1, 1, 1, 1], [0, 1, 1, 1, 1, 1, 1, 1, 1, 1, 1, 1, 1, 1, 1, 1, 1, 1, 1, 1, 1, 1, 1, 1, 1, 1, 1, 1, 1, 1, 1, 1, 1, 1, 1, 1, 1, 0, 1, 1, 1, 1, 1, 1, 1, 1, 1, 1, 1, 1, 1, 1], [0, 1, 1, 1, 1, 1, 1, 1, 1, 1, 1, 1, 1, 1, 1, 1, 1, 1, 1, 1, 1, 1, 1, 1, 1, 1, 1, 1, 1, 1, 1, 1, 1, 1, 1, 1, 1, 1, 0, 1, 1, 1, 1, 1, 1, 1, 1, 1, 1, 1, 1, 1], [0, 1, 1, 1, 1, 1, 1, 1, 1, 1, 1, 1, 1, 1, 1, 1, 1, 1, 1, 1, 1, 1, 1, 1, 1, 1, 1, 1, 1, 1, 1, 1, 1, 1, 1, 1, 1, 1, 1, 0, 1, 1, 1, 1, 1, 1, 1, 1, 1, 1, 1, 1], [0, 1, 1, 1, 1, 1, 1, 1, 1, 1, 1, 1, 1, 1, 1, 1, 1, 1, 1, 1, 1, 1, 1, 1, 1, 1, 1, 1, 1, 1, 1, 1, 1, 1, 1, 1, 1, 1, 1, 1, 0, 1, 1, 1, 1, 1, 1, 1, 1, 1, 1, 1], [0, 1, 1, 1, 1, 1, 1, 1, 1, 1, 1, 1, 1, 1, 1, 1, 1, 1, 1, 1, 1, 1, 1, 1, 1, 1, 1, 1, 1, 1, 1, 1, 1, 1, 1, 1, 1, 1, 1, 1, 1, 0, 1, 1, 1, 1, 1, 1, 1, 1, 1, 1], [0, 1, 1, 1, 1, 1, 1, 1, 1, 1, 1, 1, 1, 1, 1, 1, 1, 1, 1, 1, 1, 1, 1, 1, 1, 1, 1, 1, 1, 1, 1, 1, 1, 1, 1, 1, 1, 1, 1, 1, 1, 1, 0, 1, 1, 1, 1, 1, 1, 1, 1, 1], [0, 1, 1, 1, 1, 1, 1, 1, 1, 1, 1, 1, 1, 1, 1, 1, 1, 1, 1, 1, 1, 1, 1, 1, 1, 1, 1, 1, 1, 1, 1, 1, 1, 1, 1, 1, 1, 1, 1, 1, 1, 1, 1, 0, 1, 1, 1, 1, 1, 1, 1, 1], [0, 1, 1, 1, 1, 1, 1, 1, 1, 1, 1, 1, 1, 1, 1, 1, 1, 1, 1, 1, 1, 1, 1, 1, 1, 1, 1, 1, 1, 1, 1, 1, 1, 1, 1, 1, 1, 1, 1, 1, 1, 1, 1, 1, 0, 1, 1, 1, 1, 1, 1, 1], [0, 1, 1, 1, 1, 1, 1, 1, 1, 1, 1, 1, 1, 1, 1, 1, 1, 1, 1, 1, 1, 1, 1, 1, 1, 1, 1, 1, 1, 1, 1, 1, 1, 1, 1, 1, 1, 1, 1, 1, 1, 1, 1, 1, 1, 0, 1, 1, 1, 1, 1, 1], [0, 1, 1, 1, 1, 1, 1, 1, 1, 1, 1, 1, 1, 1, 1, 1, 1, 1, 1, 1, 1, 1, 1, 1, 1, 1, 1, 1, 1, 1, 1, 1, 1, 1, 1, 1, 1, 1, 1, 1, 1, 1, 1, 1, 1, 1, 0, 1, 1, 1, 1, 1], [0, 1, 1, 1, 1, 1, 1, 1, 1, 1, 1, 1, 1, 1, 1, 1, 1, 1, 1, 1, 1, 1, 1, 1, 1, 1, 1, 1, 1, 1, 1, 1, 1, 1, 1, 1, 1, 1, 1, 1, 1, 1, 1, 1, 1, 1, 1, 0, 1, 1, 1, 1], [0, 1, 1, 1, 1, 1, 1, 1, 1, 1, 1, 1, 1, 1, 1, 1, 1, 1, 1, 1, 1, 1, 1, 1, 1, 1, 1, 1, 1, 1, 1, 1, 1, 1, 1, 1, 1, 1, 1, 1, 1, 1, 1, 1, 1, 1, 1, 1, 0, 1, 1, 1], [0, 1, 1, 1, 1, 1, 1, 1, 1, 1, 1, 1, 1, 1, 1, 1, 1, 1, 1, 1, 1, 1, 1, 1, 1, 1, 1, 1, 1, 1, 1, 1, 1, 1, 1, 1, 1, 1, 1, 1, 1, 1, 1, 1, 1, 1, 1, 1, 1, 0, 1, 1], [0, 1, 1, 1, 1, 1, 1, 1, 1, 1, 1, 1, 1, 1, 1, 1, 1, 1, 1, 1, 1, 1, 1, 1, 1, 1, 1, 1, 1, 1, 1, 1, 1, 1, 1, 1, 1, 1, 1, 1, 1, 1, 1, 1, 1, 1, 1, 1, 1, 1, 0, 1], [0, 0, 0, 0, 0, 0, 0, 0, 0, 0, 0, 0, 0, 0, 0, 0, 0, 0, 0, 0, 0, 0, 0, 0, 0, 0, 0, 0, 0, 0, 0, 0, 0, 0, 0, 0, 0, 0, 0, 0, 0, 0, 0, 0, 0, 0, 0, 0, 0, 0, 0, 0]], "coordinates": [[25.0, 25.0], [45.479, 47.35], [14.637, 2.649], [31.784, 39.682], [22.594, 49.458], [1.279, 7.844], [49.591, 5.129], [14.9, 8.658], [21.227, 46.868], [0.401, 2.882], [0.992, 42.377], [8.671, 23.026], [32.845, 31.582], [1.221, 19.986], [30.561, 28.302], [36.089, 46.41], [38.427, 21.803], [31.439, 5.571], [47.912, 10.565], [30.745, 9.007], [45.764, 8.559], [1.486, 35.445], [4.525, 31.446], [7.55, 44.519], [2.7, 35.55], [44.995, 10.117], [5.293, 33.895], [39.612, 41.714], [37.15, 7.767], [20.41, 42.96], [39.731, 3.207], [13.064, 46.942], [11.596, 17.549], [35.094, 10.91], [15.455, 49.859], [9.693, 8.836], [12.492, 13.799], [24.334, 41.503], [13.111, 48.089], [24.422, 33.443], [25.272, 28.466], [42.778, 11.453], [39.423, 13.02], [32.147, 17.898], [10.796, 9.047], [30.328, 42.175], [47.221, 23.289], [40.113, 10.096], [1.045, 18.115], [49.688, 11.707], [4.499, 3.554], [25.0, 25.0]], "vertex_count": 52}, "distances": [[0.0, 30.31356, 24.636537, 16.173552, 24.576057, 29.274804, 31.616039, 19.21122, 22.191101, 33.080458, 29.636872, 16.447885, 10.240447, 24.301873, 6.467451, 24.111284, 13.80236, 20.468189, 27.080047, 16.99356, 26.484905, 25.729482, 21.465706, 26.181938, 24.669668, 24.925965, 21.621445, 22.200638, 21.085511, 18.537252, 26.304699, 24.97838, 15.33573, 17.33254, 26.628498, 22.261607, 16.790249, 16.516433, 25.97018, 8.462762, 3.476656, 22.351253, 18.749489, 10.075615, 21.360052, 17.982442, 22.286775, 21.225739, 24.924792, 28.039279, 29.668534, 0.0], [30.31356, 0.0, 54.308456, 15.695581, 22.981882, 59.282072, 42.420766, 49.316793, 24.256789, 63.320053, 44.764092, 44.118996, 20.205142, 52.03421, 24.194483, 9.436933, 26.502451, 44.075009, 36.865373, 41.07647, 38.792047, 45.575356, 43.93367, 38.034505, 44.376602, 37.236146, 42.378669, 8.135489, 40.449798, 25.450479, 44.51566, 32.417568, 45.1238, 37.89092, 30.128652, 52.573434, 47.051161, 21.938515, 32.376435, 25.234934, 27.657337, 35.998472, 34.860064, 32.328974, 51.672336, 16.010416, 24.123977, 37.638471, 53.188961, 35.890655, 59.978746, 30.31356], [24.636537, 54.308456, 0.0, 40.810081, 47.480484, 14.332627, 35.041868, 6.014753, 44.70736, 14.237907, 42.005952, 21.232411, 34.18552, 21.921693, 30.193545, 48.736161, 30.542426, 17.054187, 34.203635, 17.317385, 31.683091, 35.334493, 30.520809, 42.465544, 34.99954, 31.263064, 32.613231, 46.366204, 23.087423, 40.722282, 25.100203, 44.320923, 15.207159, 22.062026, 47.217086, 7.919729, 11.35445, 40.045788, 45.465616, 32.311247, 27.921689, 29.486036, 26.868261, 23.219218, 7.462418, 42.526605, 38.57106, 26.542125, 20.589794, 36.202486, 10.178314, 24.636537], [16.173552, 15.695581, 40.810081, 0.0, 13.417387, 44.093234, 38.871571, 35.320788, 12.770624, 48.364581, 30.909712, 28.489175, 8.169193, 36.359722, 11.445529, 7.987428, 19.07323, 34.112745, 33.285313, 30.692591, 34.118639, 30.592826, 28.476039, 24.712008, 29.376053, 32.382399, 27.115723, 8.087435, 32.36296, 11.83694, 37.33069, 20.078496, 29.957053, 28.961769, 19.240779, 37.940585, 32.281743, 7.669325, 20.478246, 9.650086, 12.969379, 30.294298, 27.734754, 21.787024, 37.134881, 2.887037, 22.517358, 30.736032, 37.550254, 33.21376, 45.273652, 16.173552], [24.576057, 22.981882, 47.480484, 13.417387, 0.0, 46.755259, 51.902777, 41.519124, 2.928616, 51.593149, 22.732949, 29.874748, 20.606659, 36.406097, 22.606402, 13.834931, 31.866643, 44.76944, 46.407613, 41.264055, 47.006139, 25.335979, 25.513152, 15.834003, 24.273518, 45.271615, 23.270831, 18.697108, 44.158992, 6.855207, 49.323744, 9.856529, 33.751152, 40.524046, 7.150253, 42.621388, 37.062308, 8.143072, 9.581307, 16.118989, 21.16213, 43.032242, 40.136555, 32.974132, 42.098001, 10.62341, 35.934742, 43.084596, 38.036076, 46.467438, 49.341729, 24.576057], [29.274804, 59.282072, 14.332627, 44.093234, 46.755259, 0.0, 48.388228, 13.645301, 43.826879, 5.03908, 34.534193, 16.885935, 39.495633, 12.142139, 35.720656, 51.952598, 39.684097, 30.245531, 46.712317, 29.488942, 44.490746, 27.601776, 23.824167, 37.207272, 27.742417, 43.775052, 26.358429, 51.152671, 35.871083, 39.989106, 38.730583, 40.835522, 14.164304, 33.953712, 44.34207, 8.472276, 12.696196, 40.79781, 41.948257, 34.509524, 31.637493, 41.655634, 38.49358, 32.464078, 9.592732, 44.971791, 48.468705, 38.899242, 10.273665, 48.562888, 5.364, 29.274804], [31.616039, 42.420766, 35.041868, 38.871571, 51.902777, 48.388228, 0.0, 34.870035, 50.464449, 49.241295, 61.231334, 44.662613, 31.307982, 50.60027, 29.985477, 43.432994, 20.066319, 18.157381, 5.689388, 19.240858, 5.139147, 56.860803, 52.18744, 57.610917, 55.894571, 6.782578, 52.818515, 37.921533, 12.717607, 47.77777, 10.04558, 55.520705, 39.973446, 15.607145, 56.26757, 40.069842, 38.098618, 44.282998, 56.359134, 37.883521, 33.705034, 9.295695, 12.870746, 21.61806, 38.992342, 41.754871, 18.313997, 10.700634, 50.252864, 6.578715, 45.119498, 31.616039], [19.21122, 49.316793, 6.014753, 35.320788, 41.519124, 13.645301, 34.870035, 0.0, 38.730286, 15.607151, 36.474696, 15.660136, 29.112417, 17.760592, 25.122772, 43.291884, 26.950153, 16.824627, 33.067035, 15.848843, 30.864159, 29.95795, 25.038642, 36.606472, 29.529979, 30.130345, 27.003715, 41.27205, 22.267833, 34.741723, 25.422273, 38.328, 9.485057, 20.319182, 41.204738, 5.210042, 5.677001, 34.173007, 39.471563, 26.551172, 22.359232, 28.017761, 24.907922, 19.566211, 4.122395, 36.897323, 35.478348, 25.253974, 16.774858, 34.921359, 11.585837, 19.21122], [22.191101, 24.256789, 44.70736, 12.770624, 2.928616, 43.826879, 50.464449, 38.730286, 0.0, 48.66714, 20.727381, 26.946133, 19.199993, 33.509431, 20.780277, 14.869055, 30.398918, 42.540888, 45.055488, 39.039053, 45.493339, 22.807718, 22.733123, 13.877252, 21.710524, 43.76704, 20.547289, 19.093767, 42.218836, 3.992487, 47.420259, 8.163335, 30.860329, 38.53922, 6.500928, 39.742498, 34.203201, 6.199732, 8.207332, 13.799951, 18.841328, 41.456819, 38.428915, 30.959769, 39.23307, 10.239749, 35.094975, 41.338372, 35.129021, 45.236318, 46.431978, 22.191101], [33.080458, 63.320053, 14.237907, 48.364581, 51.593149, 5.03908, 49.241295, 15.607151, 48.66714, 0.0, 39.499422, 21.775528, 43.316315, 17.123645, 39.443656, 56.287833, 42.473297, 31.154264, 48.1282, 30.956, 45.716847, 32.581071, 28.860171, 42.246278, 32.748796, 45.177097, 31.396462, 55.185385, 37.072257, 44.795158, 39.331343, 45.843595, 18.451258, 35.609732, 49.330127, 11.035913, 16.290278, 45.43534, 46.959738, 38.871367, 35.680635, 43.23508, 40.317435, 35.118211, 12.085663, 49.391955, 51.074045, 40.361922, 15.246607, 50.07084, 4.152733, 33.080458], [29.636872, 44.764092, 42.005952, 30.909712, 22.732949, 34.534193, 61.231334, 36.474696, 20.727381, 39.499422, 0.0, 20.81894, 33.632509, 22.392171, 32.747998, 35.327956, 42.716141, 47.767159, 56.687651, 44.707918, 56.108726, 6.94958, 11.48777, 6.898951, 7.037414, 54.561631, 9.510149, 38.625691, 50.052503, 19.42675, 55.090825, 12.906293, 26.997674, 46.401708, 16.283694, 34.651206, 30.805066, 23.358357, 13.397653, 25.075511, 27.98275, 51.984263, 48.360885, 39.621402, 34.742011, 29.336695, 50.01472, 50.719972, 24.262058, 57.549538, 38.981077, 29.636872], [16.447885, 44.118996, 21.232411, 28.489175, 29.874748, 16.885935, 44.662613, 15.660136, 26.946133, 21.775528, 20.81894, 0.0, 25.643467, 8.046372, 22.516844, 36.035513, 29.781123, 28.689002, 41.171988, 26.149452, 39.814379, 14.347675, 9.385399, 21.522214, 13.87456, 38.549647, 11.38183, 36.14674, 32.309295, 23.133709, 36.844489, 24.316116, 6.209119, 29.068409, 27.677293, 14.226756, 9.98687, 24.222492, 25.453243, 18.884064, 17.469596, 36.016965, 32.338917, 24.029543, 14.139592, 28.908647, 38.550897, 33.996827, 9.07049, 42.550136, 19.913924, 16.447885], [10.240447, 20.205142, 34.18552, 8.169193, 20.606659, 39.495633, 31.307982, 29.112417, 19.199993, 43.316315, 33.632509, 25.643467, 0.0, 33.683002, 3.996881, 15.178706, 11.259998, 26.048972, 25.859791, 22.672464, 26.399983, 31.596039, 28.320327, 28.411318, 30.405033, 24.665132, 27.648918, 12.183994, 24.200976, 16.854913, 29.198589, 25.044312, 25.464585, 20.79398, 25.228175, 32.456057, 27.027388, 13.071471, 25.727647, 8.626138, 8.189004, 22.446406, 19.693093, 13.70179, 31.527522, 10.887926, 16.596482, 22.681976, 34.534042, 26.051915, 39.863072, 10.240447], [24.301873, 52.03421, 21.921693, 36.359722, 36.406097, 12.142139, 50.60027, 17.760592, 33.509431, 17.123645, 22.392171, 8.046372, 33.683002, 0.0, 30.495761, 43.749345, 37.250341, 33.48014, 47.631972, 31.499286, 45.98538, 15.461271, 11.926777, 25.336226, 15.634115, 44.872711, 14.492807, 44.113205, 37.949928, 29.933633, 42.006606, 29.44287, 10.657373, 35.067847, 33.090828, 14.003474, 12.857465, 31.578348, 30.514762, 26.821209, 25.502176, 42.424007, 38.831919, 30.996407, 14.537618, 36.600125, 46.118432, 40.129786, 1.87926, 49.169014, 16.755772, 24.301873], [6.467451, 24.194483, 30.193545, 11.445529, 22.606402, 35.720656, 29.985477, 25.122772, 20.780277, 39.443656, 32.747998, 22.516844, 3.996881, 30.495761, 0.0, 18.932999, 10.203478, 22.74795, 24.812464, 19.295877, 24.918211, 29.939574, 26.225141, 28.151327, 28.788345, 23.217118, 25.879596, 16.180307, 21.566204, 17.829744, 26.717933, 25.565496, 21.801336, 17.973028, 26.322908, 28.537669, 23.169501, 14.595956, 26.38234, 8.007322, 5.291542, 20.812109, 17.665632, 10.524192, 27.593663, 13.874957, 17.397867, 20.559648, 31.224497, 25.322641, 35.940108, 6.467451], [24.111284, 9.436933, 48.736161, 7.987428, 13.834931, 51.952598, 43.432994, 43.291884, 14.869055, 56.287833, 35.327956, 36.035513, 15.178706, 43.749345, 18.932999, 0.0, 24.717821, 41.102876, 37.744501, 37.782837, 39.067939, 36.298744, 34.931467, 28.60158, 35.110752, 37.369756, 33.241824, 5.8706, 38.657563, 16.054082, 43.356238, 23.031145, 37.853195, 35.513941, 20.920267, 45.918997, 40.252897, 12.73808, 23.039261, 17.443107, 20.952199, 35.591215, 33.556038, 28.783216, 45.11906, 7.150129, 25.661295, 36.536272, 45.04097, 37.272389, 53.240631, 24.111284], [13.80236, 26.502451, 30.542426, 19.07323, 31.866643, 39.684097, 20.066319, 26.950153, 30.398918, 42.473297, 42.716141, 29.781123, 11.259998, 37.250341, 10.203478, 24.717821, 0.0, 17.672294, 14.705709, 14.924836, 15.140512, 39.379457, 35.246745, 38.332829, 38.280524, 13.405268, 35.271496, 19.946231, 14.093971, 27.789043, 18.641664, 35.710658, 27.166138, 11.391503, 36.260887, 31.524369, 27.142001, 24.221946, 36.49457, 18.210701, 14.746172, 11.227364, 8.839293, 7.395095, 30.433332, 21.922869, 8.918668, 11.827783, 37.563483, 15.124131, 38.524475, 13.80236], [20.468189, 44.075009, 17.054187, 34.112745, 44.76944, 30.245531, 18.157381, 16.824627, 42.540888, 31.154264, 47.767159, 28.689002, 26.048972, 33.48014, 22.74795, 41.102876, 17.672294, 0.0, 17.21336, 3.505386, 14.63331, 42.304114, 37.334689, 45.690601, 41.529153, 14.297946, 38.546884, 37.055558, 6.118655, 38.981741, 8.622399, 45.268093, 23.177945, 6.470235, 47.084129, 21.989742, 20.656447, 36.627717, 46.300064, 28.741724, 23.711029, 12.773834, 10.919334, 12.347315, 20.93361, 36.620857, 23.727601, 9.783348, 32.880802, 19.252961, 27.015401, 20.468189], [27.080047, 36.865373, 34.203635, 33.285313, 46.407613, 46.712317, 5.689388, 33.067035, 45.055488, 48.1282, 56.687651, 41.171988, 25.859791, 47.631972, 24.812464, 37.744501, 14.705709, 17.21336, 0.0, 17.237554, 2.939037, 52.672458, 48.150264, 52.744338, 51.656318, 2.951202, 48.586707, 32.235853, 11.119777, 42.494659, 11.003133, 50.375284, 36.981456, 12.822642, 50.965432, 38.258089, 35.567333, 38.898354, 51.177731, 32.789983, 28.862006, 5.21023, 8.836863, 17.38701, 37.147029, 36.171662, 12.742749, 7.813089, 47.471235, 2.111478, 43.975478, 27.080047], [16.99356, 41.07647, 17.317385, 30.692591, 41.264055, 29.488942, 19.240858, 15.848843, 39.039053, 30.956, 44.707918, 26.149452, 22.672464, 31.499286, 19.295877, 37.782837, 14.924836, 3.505386, 17.237554, 0.0, 15.02568, 39.43421, 34.510826, 42.415919, 38.614154, 14.293166, 35.597989, 33.887631, 6.523927, 35.491104, 10.695242, 41.8531, 20.967832, 4.747126, 43.619606, 21.052694, 18.871547, 33.122363, 42.876108, 25.240809, 20.214015, 12.279088, 9.560955, 9.00086, 19.94904, 33.170621, 21.804451, 9.431084, 31.065184, 19.134452, 26.806487, 16.99356], [26.484905, 38.792047, 31.683091, 34.118639, 47.006139, 44.490746, 5.139147, 30.864159, 45.493339, 45.716847, 56.108726, 39.814379, 26.399983, 45.98538, 24.918211, 39.067939, 15.140512, 14.63331, 2.939037, 15.02568, 0.0, 51.801528, 47.164286, 52.473149, 50.823441, 1.737448, 47.747406, 33.72093, 8.650333, 42.734695, 8.0648, 50.423652, 35.330898, 10.925937, 51.228171, 36.072064, 33.682096, 39.300789, 51.272208, 32.782532, 28.569402, 4.158297, 7.752987, 16.511802, 34.971405, 36.990614, 14.801883, 5.856293, 45.728614, 5.030674, 41.567418, 26.484905], [25.729482, 45.575356, 35.334493, 30.592826, 25.335979, 27.601776, 56.860803, 29.95795, 22.807718, 32.581071, 6.94958, 14.347675, 31.596039, 15.461271, 29.939574, 36.298744, 39.379457, 42.304114, 52.672458, 39.43421, 51.801528, 0.0, 5.022701, 10.913733, 1.218532, 50.344222, 4.110444, 38.637964, 45.144131, 20.361557, 50.019683, 16.31659, 20.554292, 41.610863, 20.072278, 27.845893, 24.283355, 23.63748, 17.175895, 23.023208, 24.788712, 47.756103, 44.069225, 35.32696, 27.991615, 29.616783, 47.322918, 46.201915, 17.33561, 53.730117, 32.033015, 25.729482], [21.465706, 43.93367, 30.520809, 28.476039, 25.513152, 23.824167, 52.18744, 25.038642, 22.733123, 28.860171, 11.48777, 9.385399, 28.320327, 11.926777, 26.225141, 34.931467, 35.246745, 37.334689, 48.150264, 34.510826, 47.164286, 5.022701, 0.0, 13.418418, 4.491485, 45.746553, 2.566598, 36.558575, 40.312351, 19.619007, 45.132068, 17.692952, 15.592487, 36.826499, 21.412694, 23.193109, 19.362069, 22.215754, 18.727222, 19.996965, 20.959924, 43.162623, 39.463754, 30.765617, 23.26028, 27.9447, 43.468208, 41.500943, 13.777734, 49.28818, 27.892012, 21.465706], [26.181938, 38.034505, 42.465544, 24.712008, 15.834003, 37.207272, 57.610917, 36.606472, 13.877252, 42.246278, 6.898951, 21.522214, 28.411318, 25.336226, 28.151327, 28.60158, 38.332829, 45.690601, 52.744338, 42.415919, 52.473149, 10.913733, 13.418418, 0.0, 10.196345, 50.849047, 10.861097, 32.184466, 47.189718, 12.954153, 52.366956, 6.022883, 27.271799, 43.453847, 9.539634, 35.747293, 31.114977, 17.052827, 6.608299, 20.182719, 23.911673, 48.315343, 44.811551, 36.244862, 35.620209, 22.898289, 44.994457, 47.384511, 27.193496, 53.406352, 41.078459, 26.181938], [24.669668, 44.376602, 34.99954, 29.376053, 24.273518, 27.742417, 55.894571, 29.529979, 21.710524, 32.748796, 7.037414, 13.87456, 30.405033, 15.634115, 28.788345, 35.110752, 38.280524, 41.529153, 51.656318, 38.614154, 50.823441, 1.218532, 4.491485, 10.196345, 0.0, 49.352857, 3.076146, 37.42313, 44.257176, 19.197713, 49.166702, 15.400979, 20.079214, 40.700133, 19.168659, 27.614124, 23.853496, 22.438096, 16.297713, 21.823949, 23.65752, 46.764426, 43.083403, 34.332476, 27.711987, 28.411213, 46.178475, 45.250842, 17.513373, 52.691183, 32.046535, 24.669668], [24.925965, 37.236146, 31.263064, 32.382399, 45.271615, 43.775052, 6.782578, 30.130345, 43.76704, 45.177097, 54.561631, 38.549647, 24.665132, 44.872711, 23.217118, 37.369756, 13.405268, 14.297946, 2.951202, 14.293166, 1.737448, 50.344222, 45.746553, 50.849047, 49.352857, 0.0, 46.277879, 32.052256, 8.189415, 41.025417, 8.686645, 48.740839, 34.2159, 9.932706, 49.518059, 35.325234, 32.710887, 37.576028, 49.582883, 31.10226, 26.938495, 2.588433, 6.282881, 15.020488, 34.215735, 35.253883, 13.358767, 4.882045, 44.671809, 4.955033, 41.024371, 24.925965], [21.621445, 42.378669, 32.613231, 27.115723, 23.270831, 26.358429, 52.818515, 27.003715, 20.547289, 31.396462, 9.510149, 11.38183, 27.648918, 14.492807, 25.879596, 33.241824, 35.271496, 38.546884, 48.586707, 35.597989, 47.747406, 4.110444, 2.566598, 10.861097, 3.076146, 46.277879, 0.0, 35.198445, 41.201224, 17.626625, 46.127315, 15.185936, 17.519119, 37.635221, 18.923941, 25.442356, 21.346541, 20.504666, 16.204652, 19.134339, 20.70349, 43.689456, 40.007781, 31.25766, 25.450071, 26.368724, 43.248635, 42.176116, 16.341784, 49.630871, 30.351387, 21.621445], [22.200638, 8.135489, 46.366204, 8.087435, 18.697108, 51.152671, 37.921533, 41.27205, 19.093767, 55.185385, 38.625691, 36.14674, 12.183994, 44.113205, 16.180307, 5.8706, 19.946231, 37.055558, 32.235853, 33.887631, 33.72093, 38.637964, 36.558575, 32.184466, 37.42313, 32.052256, 35.198445, 0.0, 34.036161, 19.242383, 38.507184, 27.057869, 36.997885, 31.133563, 25.493169, 44.453453, 38.919682, 15.279457, 27.256992, 17.295824, 19.522938, 30.426168, 28.694622, 24.958527, 43.560243, 9.295439, 19.93433, 31.621969, 45.214227, 31.653528, 51.856614, 22.200638], [21.085511, 40.449798, 23.087423, 32.36296, 44.158992, 35.871083, 12.717607, 22.267833, 42.218836, 37.072257, 50.052503, 32.309295, 24.200976, 37.949928, 21.566204, 38.657563, 14.093971, 6.118655, 11.119777, 6.523927, 8.650333, 45.144131, 40.312351, 47.189718, 44.257176, 8.189415, 41.201224, 34.036161, 0.0, 38.971462, 5.239767, 45.987129, 27.362281, 3.75574, 47.354086, 27.477802, 25.385074, 36.08833, 46.943979, 28.657616, 23.864943, 6.727628, 5.723682, 11.29899, 26.385066, 35.077773, 18.502906, 3.768768, 37.558649, 13.14249, 32.921682, 21.085511], [18.537252, 25.450479, 40.722282, 11.83694, 6.855207, 39.989106, 47.77777, 34.741723, 3.992487, 44.795158, 19.42675, 23.133709, 16.854913, 29.933633, 17.829744, 16.054082, 27.789043, 38.981741, 42.494659, 35.491104, 42.734695, 20.361557, 19.619007, 12.954153, 19.197713, 41.025417, 17.626625, 19.242383, 38.971462, 0.0, 44.199571, 8.355839, 26.896199, 35.253686, 8.494011, 35.767324, 30.21686, 4.185765, 8.920877, 10.32809, 15.287743, 38.639597, 35.466855, 27.674194, 35.249405, 9.949017, 33.25324, 38.31776, 31.500433, 42.824658, 42.496974, 18.537252], [26.304699, 44.51566, 25.100203, 37.33069, 49.323744, 38.730583, 10.04558, 25.422273, 47.420259, 39.331343, 55.090825, 36.844489, 29.198589, 42.006606, 26.717933, 43.356238, 18.641664, 8.622399, 11.003133, 10.695242, 8.0648, 50.019683, 45.132068, 52.366956, 49.166702, 8.686645, 46.127315, 38.507184, 5.239767, 44.199571, 0.0, 51.223814, 31.579601, 8.990994, 52.590239, 30.560875, 29.225906, 41.27531, 52.182548, 33.890724, 29.104635, 8.790946, 9.817832, 16.533074, 29.518466, 40.086425, 21.433311, 6.899583, 41.459077, 13.091671, 35.233709, 26.304699], [24.97838, 32.417568, 44.320923, 20.078496, 9.856529, 40.835522, 55.520705, 38.328, 8.163335, 45.843595, 12.906293, 24.316116, 25.044312, 29.44287, 25.565496, 23.031145, 35.710658, 45.268093, 50.375284, 41.8531, 50.423652, 16.31659, 17.692952, 6.022883, 15.400979, 48.740839, 15.185936, 27.057869, 45.987129, 8.355839, 51.223814, 0.0, 29.429636, 42.232996, 3.771707, 38.254815, 33.147936, 12.513817, 1.147963, 17.641632, 22.144928, 46.285969, 42.959271, 34.752192, 37.962809, 17.910053, 41.547143, 45.7086, 31.232232, 50.821478, 44.225307, 24.97838], [15.33573, 45.1238, 15.207159, 29.957053, 33.751152, 14.164304, 39.973446, 9.485057, 30.860329, 18.451258, 26.997674, 6.209119, 25.464585, 10.657373, 21.801336, 37.853195, 27.166138, 23.177945, 36.981456, 20.967832, 35.330898, 20.554292, 15.592487, 27.271799, 20.079214, 34.2159, 17.519119, 36.997885, 27.362281, 26.896199, 31.579601, 29.429636, 0.0, 24.417869, 32.539637, 8.918395, 3.855557, 27.130255, 30.577554, 20.423651, 17.498968, 31.772289, 28.193151, 20.553963, 8.539555, 30.940713, 36.08446, 29.474845, 10.56617, 38.537377, 15.691636, 15.33573], [17.33254, 37.89092, 22.062026, 28.961769, 40.524046, 33.953712, 15.607145, 20.319182, 38.53922, 35.609732, 46.401708, 29.068409, 20.79398, 35.067847, 17.973028, 35.513941, 11.391503, 6.470235, 12.822642, 4.747126, 10.925937, 41.610863, 36.826499, 43.453847, 40.700133, 9.932706, 37.635221, 31.133563, 3.75574, 35.253686, 8.990994, 42.232996, 24.417869, 0.0, 43.620121, 25.485531, 22.785889, 32.430067, 43.191785, 24.932462, 20.11678, 7.703162, 4.815843, 7.583993, 24.369316, 31.626176, 17.329275, 5.08458, 34.802966, 14.615746, 31.466884, 17.33254], [26.628498, 30.128652, 47.217086, 19.240779, 7.150253, 44.34207, 56.26757, 41.204738, 6.500928, 49.330127, 16.283694, 27.677293, 25.228175, 33.090828, 26.322908, 20.920267, 36.260887, 47.084129, 50.965432, 43.619606, 51.228171, 20.072278, 21.412694, 9.539634, 19.168659, 49.518059, 18.923941, 25.493169, 47.354086, 8.494011, 52.590239, 3.771707, 32.539637, 43.620121, 0.0, 41.425683, 36.181528, 12.192595, 2.937216, 18.705404, 23.537926, 47.133504, 43.949709, 36.057293, 41.077069, 16.740669, 41.413086, 46.787959, 34.861578, 51.258886, 47.583474, 26.628498], [22.261607, 52.573434, 7.919729, 37.940585, 42.621388, 8.472276, 40.069842, 5.210042, 39.742498, 11.035913, 34.651206, 14.226756, 32.456057, 14.003474, 28.537669, 45.918997, 31.524369, 21.989742, 38.258089, 21.052694, 36.072064, 27.845893, 23.193109, 35.747293, 27.614124, 35.325234, 25.442356, 44.453453, 27.477802, 35.767324, 30.560875, 38.254815, 8.918395, 25.485531, 41.425683, 0.0, 5.697874, 35.79793, 39.401532, 28.678352, 25.060769, 33.18834, 30.02297, 24.213673, 1.123, 39.208317, 40.214923, 30.446083, 12.684153, 40.097913, 7.407912, 22.261607], [16.790249, 47.051161, 11.35445, 32.281743, 37.062308, 12.696196, 38.098618, 5.677001, 34.203201, 16.290278, 30.805066, 9.98687, 27.027388, 12.857465, 23.169501, 40.252897, 27.142001, 20.656447, 35.567333, 18.871547, 33.682096, 24.283355, 19.362069, 31.114977, 23.853496, 32.710887, 21.346541, 38.919682, 25.385074, 30.21686, 29.225906, 33.147936, 3.855557, 22.785889, 36.181528, 5.697874, 0.0, 30.1288, 34.295587, 22.982855, 19.453773, 30.376726, 26.942264, 20.077869, 5.045584, 33.51597, 36.002271, 27.868115, 12.233628, 37.254783, 12.994155, 16.790249], [16.516433, 21.938515, 40.045788, 7.669325, 8.143072, 40.79781, 44.282998, 34.173007, 6.199732, 45.43534, 23.358357, 24.222492, 13.071471, 31.578348, 14.595956, 12.73808, 24.221946, 36.627717, 38.898354, 33.122363, 39.300789, 23.63748, 22.215754, 17.052827, 22.438096, 37.576028, 20.504666, 15.279457, 36.08833, 4.185765, 41.27531, 12.513817, 27.130255, 32.430067, 12.192595, 35.79793, 30.1288, 0.0, 13.012729, 8.06048, 13.070701, 35.258809, 32.23289, 24.864412, 35.16631, 6.031552, 29.250035, 35.147923, 33.005697, 39.123228, 42.820017, 16.516433], [25.97018, 32.376435, 45.465616, 20.478246, 9.581307, 41.948257, 56.359134, 39.471563, 8.207332, 46.959738, 13.397653, 25.453243, 25.727647, 30.514762, 26.38234, 23.039261, 36.49457, 46.300064, 51.177731, 42.876108, 51.272208, 17.175895, 18.727222, 6.608299, 16.297713, 49.582883, 16.204652, 27.256992, 46.943979, 8.920877, 52.182548, 1.147963, 30.577554, 43.191785, 2.937216, 39.401532, 34.295587, 13.012729, 0.0, 18.505244, 23.085754, 47.141567, 43.842401, 35.691256, 39.110574, 18.204408, 42.172646, 46.610901, 32.311438, 51.589988, 45.360035, 25.97018], [8.462762, 25.234934, 32.311247, 9.650086, 16.118989, 34.509524, 37.883521, 26.551172, 13.799951, 38.871367, 25.075511, 18.884064, 8.626138, 26.821209, 8.007322, 17.443107, 18.210701, 28.741724, 32.789983, 25.240809, 32.782532, 23.023208, 19.996965, 20.182719, 21.823949, 31.10226, 19.134339, 17.295824, 28.657616, 10.32809, 33.890724, 17.641632, 20.423651, 24.932462, 18.705404, 28.678352, 22.982855, 8.06048, 18.505244, 0.0, 5.0